step = 500, Chi2 = 0.161563, graph_error = 218.701
Nonlinear optimization exceed max iterations: 10 >= 10, chi2 = 0.161641
After relin
Values with 501 values:
Value 0: (gtsam::Pose3)
R: [
	1, -3.04543e-12, 1.91111e-12;
	3.04543e-12, 1, 6.9076e-13;
	-1.91111e-12, -6.9076e-13, 1
]
t:  2.43534e-13  5.10702e-14 -3.10201e-14

Value 1: (gtsam::Pose3)
R: [
	0.979358, -0.199936, 0.0297413;
	0.197988, 0.978475, 0.0581976;
	-0.0407369, -0.0511078, 0.997862
]
t:  0.347872 -0.082911 0.0568103

Value 2: (gtsam::Pose3)
R: [
	0.875707, -0.479568, 0.05614;
	0.470819, 0.873894, 0.120988;
	-0.107082, -0.0795182, 0.991065
]
t:   0.554909  0.0150013 -0.0349977

Value 3: (gtsam::Pose3)
R: [
	0.827059, -0.560847, 0.0377454;
	0.551303, 0.822425, 0.140292;
	-0.109725, -0.0952206, 0.98939
]
t:   0.670329 0.00274629  -0.267215

Value 4: (gtsam::Pose3)
R: [
	0.729164, -0.684338, 0.00120525;
	0.676406, 0.720977, 0.150554;
	-0.103898, -0.108963, 0.988601
]
t:   0.77055 0.0836686 -0.402272

Value 5: (gtsam::Pose3)
R: [
	0.694826, -0.718874, -0.0209232;
	0.715513, 0.688058, 0.120902;
	-0.0725168, -0.0989766, 0.992444
]
t:   1.04095  0.214928 -0.494827

Value 6: (gtsam::Pose3)
R: [
	0.540245, -0.840566, -0.0397973;
	0.839507, 0.535098, 0.0943323;
	-0.0579971, -0.0843727, 0.994745
]
t:   1.17238  0.342412 -0.515142

Value 7: (gtsam::Pose3)
R: [
	0.421688, -0.903193, -0.0801309;
	0.903932, 0.411786, 0.115494;
	-0.0713164, -0.121135, 0.990071
]
t:   1.44304  0.444955 -0.617482

Value 8: (gtsam::Pose3)
R: [
	0.295824, -0.955165, 0.0121677;
	0.948097, 0.295142, 0.118338;
	-0.116624, -0.0234711, 0.992899
]
t:   1.69496  0.688604 -0.450491

Value 9: (gtsam::Pose3)
R: [
	0.181987, -0.983084, 0.0206522;
	0.972578, 0.183056, 0.143465;
	-0.144818, -0.00602284, 0.98944
]
t:   1.88109  0.909004 -0.518222

Value 10: (gtsam::Pose3)
R: [
	0.0721476, -0.997264, 0.0161011;
	0.99014, 0.0735569, 0.119212;
	-0.12007, 0.00734156, 0.992738
]
t:   2.03456   1.28442 -0.676113

Value 11: (gtsam::Pose3)
R: [
	0.0690272, -0.997386, -0.021373;
	0.989106, 0.0656307, 0.131763;
	-0.130016, -0.0302355, 0.991051
]
t:   2.04595   1.68776 -0.786975

Value 12: (gtsam::Pose3)
R: [
	-0.00154708, -0.999381, -0.0351551;
	0.989769, -0.00654596, 0.14253;
	-0.142672, -0.0345749, 0.989166
]
t:    2.0483   2.25247 -0.893724

Value 13: (gtsam::Pose3)
R: [
	-0.229336, -0.972399, 0.0429678;
	0.960927, -0.219159, 0.169079;
	-0.154996, 0.0800649, 0.984665
]
t:   2.01965   2.33508 -0.840713

Value 14: (gtsam::Pose3)
R: [
	-0.39996, -0.913846, -0.0701282;
	0.897381, -0.406015, 0.172799;
	-0.186385, 0.00618121, 0.982457
]
t:  1.97875  2.74209 -0.88459

Value 15: (gtsam::Pose3)
R: [
	-0.517981, -0.855295, -0.0129062;
	0.837532, -0.510175, 0.195605;
	-0.173884, 0.0905101, 0.980598
]
t:  1.75688  2.99318 -1.05336

Value 16: (gtsam::Pose3)
R: [
	-0.573133, -0.819386, -0.0111641;
	0.804081, -0.564951, 0.185161;
	-0.158026, 0.0971454, 0.982645
]
t:  1.70666  3.47123 -1.15014

Value 17: (gtsam::Pose3)
R: [
	-0.598385, -0.800458, 0.0346771;
	0.793017, -0.585538, 0.168137;
	-0.114282, 0.12811, 0.985153
]
t:  1.45186  3.87081 -1.27632

Value 18: (gtsam::Pose3)
R: [
	-0.685803, -0.726495, 0.0433422;
	0.725874, -0.678471, 0.113071;
	-0.0527393, 0.109006, 0.992641
]
t:  1.02122  4.18959 -1.23469

Value 19: (gtsam::Pose3)
R: [
	-0.797303, -0.595893, 0.0960127;
	0.602497, -0.795259, 0.0675264;
	0.0361165, 0.111686, 0.993087
]
t: 0.773457  4.37386 -1.25217

Value 20: (gtsam::Pose3)
R: [
	-0.864157, -0.47294, 0.171931;
	0.490194, -0.868369, 0.0751348;
	0.113765, 0.149208, 0.98224
]
t: 0.500378  4.69472 -1.25839

Value 21: (gtsam::Pose3)
R: [
	-0.905881, -0.377628, 0.191775;
	0.403634, -0.906908, 0.120823;
	0.128296, 0.186858, 0.973973
]
t: -0.00724937     4.79468    -1.02232

Value 22: (gtsam::Pose3)
R: [
	-0.935609, -0.284334, 0.209258;
	0.30028, -0.952634, 0.0481643;
	0.185652, 0.107899, 0.976674
]
t: -0.362834   5.06669   -1.0147

Value 23: (gtsam::Pose3)
R: [
	-0.967734, -0.156122, 0.197777;
	0.169168, -0.984278, 0.0507761;
	0.186741, 0.0825954, 0.978931
]
t: -0.706252   5.28432 -0.829554

Value 24: (gtsam::Pose3)
R: [
	-0.979167, -0.0929285, 0.180544;
	0.109452, -0.990453, 0.0838069;
	0.171032, 0.101822, 0.97999
]
t:    -1.123   5.36602 -0.758471

Value 25: (gtsam::Pose3)
R: [
	-0.988538, 0.0702335, 0.133644;
	-0.0551919, -0.992049, 0.113105;
	0.140525, 0.104433, 0.984554
]
t:   -1.5964   5.39048 -0.614631

Value 26: (gtsam::Pose3)
R: [
	-0.977038, 0.194174, 0.0877137;
	-0.178918, -0.971239, 0.157109;
	0.115698, 0.137808, 0.983678
]
t:  -1.98192   5.41533 -0.512518

Value 27: (gtsam::Pose3)
R: [
	-0.931625, 0.359695, 0.0519072;
	-0.349507, -0.925914, 0.143279;
	0.0995983, 0.11534, 0.98832
]
t:  -2.53417   5.41887 -0.453407

Value 28: (gtsam::Pose3)
R: [
	-0.86803, 0.494112, 0.0487589;
	-0.492207, -0.869248, 0.0462644;
	0.0652434, 0.0161595, 0.997739
]
t:  -2.89878   5.21085 -0.530137

Value 29: (gtsam::Pose3)
R: [
	-0.800517, 0.599307, 0.00166634;
	-0.598914, -0.800087, 0.0341122;
	0.0217769, 0.0263094, 0.999417
]
t:    -3.173   4.96422 -0.420281

Value 30: (gtsam::Pose3)
R: [
	-0.662345, 0.746663, -0.0615883;
	-0.749086, -0.658575, 0.0717576;
	0.0130183, 0.0936632, 0.995519
]
t:  -3.55487   4.72054 -0.489378

Value 31: (gtsam::Pose3)
R: [
	-0.581646, 0.80982, -0.0766771;
	-0.813181, -0.576484, 0.0800205;
	0.0205992, 0.108896, 0.99384
]
t:  -3.90764   4.41095 -0.432688

Value 32: (gtsam::Pose3)
R: [
	-0.508684, 0.859986, -0.0408042;
	-0.85963, -0.504705, 0.0794295;
	0.0477141, 0.075481, 0.996005
]
t:  -4.17918   4.17005 -0.415405

Value 33: (gtsam::Pose3)
R: [
	-0.447258, 0.893007, -0.0499858;
	-0.892295, -0.441668, 0.0934868;
	0.0614073, 0.0864147, 0.994365
]
t:   -4.6506   3.57324 -0.339993

Value 34: (gtsam::Pose3)
R: [
	-0.311393, 0.949907, -0.0266663;
	-0.941592, -0.304638, 0.143526;
	0.128213, 0.0698018, 0.989287
]
t:  -4.72481    3.0732 -0.291983

Value 35: (gtsam::Pose3)
R: [
	-0.163916, 0.986393, -0.0126302;
	-0.978487, -0.16095, 0.129066;
	0.125277, 0.0335144, 0.991556
]
t:   -4.7858   2.63179 -0.432966

Value 36: (gtsam::Pose3)
R: [
	-0.10633, 0.994321, 0.00441375;
	-0.991143, -0.106344, 0.079546;
	0.0795636, 0.00408351, 0.996821
]
t:   -4.9073   2.04158 -0.512095

Value 37: (gtsam::Pose3)
R: [
	0.0131451, 0.999653, -0.0228365;
	-0.996883, 0.0148787, 0.0774785;
	0.0777914, 0.0217468, 0.996732
]
t:  -4.88141   1.63887 -0.416369

Value 38: (gtsam::Pose3)
R: [
	0.22515, 0.974263, -0.0109076;
	-0.972331, 0.225391, 0.0614109;
	0.0622888, -0.0032209, 0.998053
]
t:  -4.97042   1.17492 -0.479277

Value 39: (gtsam::Pose3)
R: [
	0.28828, 0.954881, -0.0713863;
	-0.955013, 0.292137, 0.0510505;
	0.0696018, 0.053458, 0.996141
]
t:  -4.76903  0.518018 -0.327033

Value 40: (gtsam::Pose3)
R: [
	0.332171, 0.935077, -0.123666;
	-0.936615, 0.342486, 0.0738661;
	0.111424, 0.0912912, 0.989571
]
t:  -4.50883 -0.125332 -0.325939

Value 41: (gtsam::Pose3)
R: [
	0.450746, 0.885915, -0.109464;
	-0.878628, 0.461968, 0.120826;
	0.15761, 0.0417158, 0.98662
]
t:  -4.28041 -0.676331 -0.294363

Value 42: (gtsam::Pose3)
R: [
	0.603811, 0.791003, -0.0986191;
	-0.775915, 0.611579, 0.15468;
	0.182666, -0.0168776, 0.98303
]
t:  -3.82262  -1.24013 -0.296552

Value 43: (gtsam::Pose3)
R: [
	0.659278, 0.747079, -0.0849961;
	-0.726263, 0.661985, 0.185249;
	0.194662, -0.0604012, 0.979009
]
t:  -3.36104  -1.55515 -0.231106

Value 44: (gtsam::Pose3)
R: [
	0.800704, 0.578941, -0.153949;
	-0.564585, 0.815202, 0.129186;
	0.200291, -0.0165225, 0.979597
]
t:   -3.0242  -1.97462 -0.235412

Value 45: (gtsam::Pose3)
R: [
	0.890048, 0.44083, -0.116121;
	-0.426051, 0.895004, 0.132092;
	0.162158, -0.0680946, 0.984412
]
t:  -2.77566  -2.34915 -0.399263

Value 46: (gtsam::Pose3)
R: [
	0.928732, 0.345376, -0.134804;
	-0.332032, 0.936588, 0.112057;
	0.164958, -0.0593115, 0.984516
]
t:  -2.31986  -2.65582 -0.263564

Value 47: (gtsam::Pose3)
R: [
	0.970755, 0.198142, -0.135554;
	-0.177835, 0.972803, 0.14842;
	0.161275, -0.119973, 0.97959
]
t:   -1.7927  -2.96042 -0.219105

Value 48: (gtsam::Pose3)
R: [
	0.989811, -0.0115599, -0.141921;
	0.0364774, 0.984024, 0.174256;
	0.137639, -0.177657, 0.974419
]
t:   -1.19217   -3.08165 -0.0811884

Value 49: (gtsam::Pose3)
R: [
	0.988946, -0.109605, -0.0998578;
	0.118634, 0.988899, 0.0894741;
	0.0889424, -0.100332, 0.990971
]
t: -0.661059  -3.10619 0.0270338

Value 50: (gtsam::Pose3)
R: [
	0.990158, -0.135239, -0.0360298;
	0.138235, 0.985269, 0.10068;
	0.0218832, -0.104669, 0.994266
]
t:    0.12348   -3.00412 -0.0340896

Value 51: (gtsam::Pose3)
R: [
	0.919097, -0.391285, 0.0464472;
	0.385938, 0.91771, 0.0941271;
	-0.0794556, -0.0685862, 0.994476
]
t: 0.816397 -3.04743  0.13312

Value 52: (gtsam::Pose3)
R: [
	0.904295, -0.416654, 0.0930014;
	0.414788, 0.909061, 0.0394866;
	-0.100996, 0.00286831, 0.994883
]
t:   1.77299  -2.72623 0.0997819

Value 53: (gtsam::Pose3)
R: [
	0.854906, -0.514775, 0.0643648;
	0.50564, 0.854559, 0.118566;
	-0.116039, -0.0688176, 0.990858
]
t:   2.26778  -2.50317 -0.105994

Value 54: (gtsam::Pose3)
R: [
	0.788997, -0.613213, 0.0381318;
	0.604568, 0.785935, 0.129627;
	-0.109458, -0.0792217, 0.990829
]
t:   2.79058  -2.14696 -0.153994

Value 55: (gtsam::Pose3)
R: [
	0.678538, -0.73243, 0.0559692;
	0.731379, 0.68072, 0.0412821;
	-0.0683356, 0.0129232, 0.997579
]
t:   3.30584  -1.83418 -0.273813

Value 56: (gtsam::Pose3)
R: [
	0.590123, -0.807177, 0.0148136;
	0.80664, 0.590281, 0.0299944;
	-0.032955, -0.00575109, 0.99944
]
t:    3.8178  -1.30867 -0.425461

Value 57: (gtsam::Pose3)
R: [
	0.509612, -0.857912, 0.065439;
	0.858974, 0.511674, 0.0187669;
	-0.0495838, 0.0466466, 0.99768
]
t:     4.305 -0.751324 -0.348884

Value 58: (gtsam::Pose3)
R: [
	0.40729, -0.911774, 0.0527582;
	0.90719, 0.41056, 0.0919062;
	-0.105458, 0.0104292, 0.994369
]
t:   4.60283  -0.20932 -0.436608

Value 59: (gtsam::Pose3)
R: [
	0.29215, -0.95353, 0.0736771;
	0.944717, 0.299723, 0.132948;
	-0.148853, 0.0307633, 0.988381
]
t:     4.837  0.455347 -0.567845

Value 60: (gtsam::Pose3)
R: [
	0.147311, -0.984256, 0.097673;
	0.982038, 0.157317, 0.104178;
	-0.117903, 0.080572, 0.989751
]
t:   5.13746   1.13065 -0.736575

Value 61: (gtsam::Pose3)
R: [
	0.011028, -0.999376, 0.0335593;
	0.993011, 0.0148892, 0.117075;
	-0.117502, 0.0320336, 0.992556
]
t:   5.12602   1.60956 -0.871331

Value 62: (gtsam::Pose3)
R: [
	-0.0609191, -0.995228, 0.0762196;
	0.989687, -0.0503082, 0.134122;
	-0.129647, 0.0836042, 0.988029
]
t:   5.09247   2.41797 -0.941647

Value 63: (gtsam::Pose3)
R: [
	-0.117228, -0.988382, 0.0967363;
	0.981117, -0.100172, 0.165456;
	-0.153843, 0.114306, 0.981461
]
t:  5.03679  3.12016 -1.13082

Value 64: (gtsam::Pose3)
R: [
	-0.287514, -0.954622, 0.0776745;
	0.942378, -0.267476, 0.20095;
	-0.171055, 0.130975, 0.976517
]
t:  4.85823   3.7586 -1.16956

Value 65: (gtsam::Pose3)
R: [
	-0.314727, -0.945832, 0.0796803;
	0.934403, -0.293977, 0.20117;
	-0.166849, 0.137767, 0.97631
]
t:  4.47897  4.54274 -1.34234

Value 66: (gtsam::Pose3)
R: [
	-0.461595, -0.883059, 0.0844769;
	0.875523, -0.438177, 0.203619;
	-0.142792, 0.167951, 0.975399
]
t:  4.05018  5.09255 -1.49461

Value 67: (gtsam::Pose3)
R: [
	-0.636352, -0.760759, 0.127676;
	0.767184, -0.606869, 0.207699;
	-0.0805263, 0.230121, 0.969825
]
t:  3.82266  5.66568 -1.61014

Value 68: (gtsam::Pose3)
R: [
	-0.70961, -0.68768, 0.153456;
	0.704379, -0.686987, 0.178602;
	-0.0173989, 0.234829, 0.971881
]
t:  3.18373   6.2519 -1.56236

Value 69: (gtsam::Pose3)
R: [
	-0.793696, -0.572634, 0.205274;
	0.603966, -0.782077, 0.153558;
	0.0726078, 0.245857, 0.966583
]
t:  2.46527  6.73535 -1.69745

Value 70: (gtsam::Pose3)
R: [
	-0.855806, -0.470279, 0.215486;
	0.501706, -0.856071, 0.124231;
	0.126048, 0.214429, 0.968572
]
t:  1.87037  7.15272 -1.76879

Value 71: (gtsam::Pose3)
R: [
	-0.904002, -0.378483, 0.198824;
	0.401634, -0.911215, 0.0915283;
	0.146529, 0.162596, 0.975752
]
t:  1.21043  7.55459 -1.67319

Value 72: (gtsam::Pose3)
R: [
	-0.942169, -0.259563, 0.212;
	0.286064, -0.952415, 0.105233;
	0.174597, 0.159793, 0.971587
]
t: 0.514847   7.9632 -1.51463

Value 73: (gtsam::Pose3)
R: [
	-0.960288, -0.192044, 0.202402;
	0.22202, -0.965304, 0.13746;
	0.168981, 0.176938, 0.969607
]
t: -0.379297   8.26415  -1.19357

Value 74: (gtsam::Pose3)
R: [
	-0.971258, 0.108751, 0.211733;
	-0.0801796, -0.987019, 0.139158;
	0.224118, 0.118181, 0.96737
]
t: -0.969653   8.37645   -1.1121

Value 75: (gtsam::Pose3)
R: [
	-0.981258, 0.104453, 0.161932;
	-0.0824257, -0.987101, 0.137247;
	0.17418, 0.121327, 0.977211
]
t: -1.85196  8.42745 -1.06662

Value 76: (gtsam::Pose3)
R: [
	-0.971234, 0.22262, 0.0845323;
	-0.208398, -0.966378, 0.150614;
	0.11522, 0.128665, 0.984972
]
t:  -2.65048   8.40309 -0.948623

Value 77: (gtsam::Pose3)
R: [
	-0.930718, 0.36233, 0.049814;
	-0.35433, -0.927036, 0.122696;
	0.0906357, 0.0965444, 0.991193
]
t:  -3.56704   8.17506 -0.672947

Value 78: (gtsam::Pose3)
R: [
	-0.887955, 0.459483, 0.0202645;
	-0.452524, -0.880684, 0.140062;
	0.0822026, 0.115198, 0.989935
]
t:  -4.30354   7.91387 -0.591331

Value 79: (gtsam::Pose3)
R: [
	-0.828514, 0.559493, -0.0230721;
	-0.558988, -0.823924, 0.0931739;
	0.0331205, 0.0900929, 0.995382
]
t:  -5.01607   7.52167 -0.674635

Value 80: (gtsam::Pose3)
R: [
	-0.727206, 0.680809, -0.0875812;
	-0.68563, -0.72655, 0.0451351;
	-0.0329038, 0.0928708, 0.995134
]
t:   -5.7302   6.90671 -0.771644

Value 81: (gtsam::Pose3)
R: [
	-0.637457, 0.760236, -0.12526;
	-0.770405, -0.631265, 0.0893313;
	-0.0111592, 0.153446, 0.988094
]
t:  -6.35287   6.21926 -0.819807

Value 82: (gtsam::Pose3)
R: [
	-0.492144, 0.866033, -0.0882045;
	-0.8699, -0.485464, 0.0871695;
	0.0326716, 0.119629, 0.992281
]
t:  -6.80345   5.71953 -0.774889

Value 83: (gtsam::Pose3)
R: [
	-0.342744, 0.931655, -0.1206;
	-0.938741, -0.33475, 0.0818956;
	0.0359276, 0.141282, 0.989317
]
t:  -7.18267   5.00184 -0.651263

Value 84: (gtsam::Pose3)
R: [
	-0.256785, 0.957854, -0.128754;
	-0.964103, -0.244557, 0.103429;
	0.0675825, 0.150691, 0.986268
]
t:   -7.5321   4.05178 -0.657018

Value 85: (gtsam::Pose3)
R: [
	-0.196345, 0.975598, -0.0982692;
	-0.978638, -0.188749, 0.081489;
	0.0609523, 0.11217, 0.991818
]
t:  -7.82077   3.15703 -0.564968

Value 86: (gtsam::Pose3)
R: [
	-0.0434865, 0.989831, -0.135438;
	-0.995032, -0.0307597, 0.0946818;
	0.089553, 0.138883, 0.986251
]
t:  -7.96724   2.33591 -0.620216

Value 87: (gtsam::Pose3)
R: [
	0.0927901, 0.984682, -0.147617;
	-0.99563, 0.0933232, -0.00332565;
	0.0105014, 0.147281, 0.989039
]
t:  -8.03626   1.57453 -0.442356

Value 88: (gtsam::Pose3)
R: [
	0.242255, 0.962747, -0.120126;
	-0.969936, 0.243281, -0.0062741;
	0.023184, 0.118035, 0.992739
]
t:  -7.80735  0.533696 -0.598858

Value 89: (gtsam::Pose3)
R: [
	0.297927, 0.938806, -0.172867;
	-0.954371, 0.296799, -0.0329505;
	0.0203726, 0.174796, 0.984394
]
t:  -7.55765 -0.351131 -0.498978

Value 90: (gtsam::Pose3)
R: [
	0.390201, 0.909931, -0.1406;
	-0.917439, 0.397146, 0.0241116;
	0.0777787, 0.119584, 0.989773
]
t:  -7.24419   -1.2007 -0.511174

Value 91: (gtsam::Pose3)
R: [
	0.563849, 0.811947, -0.151055;
	-0.815219, 0.576473, 0.0556445;
	0.132259, 0.0917679, 0.986958
]
t:  -6.90574  -2.09669 -0.546688

Value 92: (gtsam::Pose3)
R: [
	0.598003, 0.770322, -0.221353;
	-0.778561, 0.623892, 0.0678354;
	0.190356, 0.131771, 0.972831
]
t:  -6.26449  -3.08268 -0.528355

Value 93: (gtsam::Pose3)
R: [
	0.692176, 0.698563, -0.18139;
	-0.69067, 0.714062, 0.114409;
	0.209445, 0.0460896, 0.976734
]
t:  -5.53461  -3.72818 -0.307462

Value 94: (gtsam::Pose3)
R: [
	0.761536, 0.63569, -0.126341;
	-0.62307, 0.771728, 0.127355;
	0.178459, -0.0182667, 0.983778
]
t: -4.83603 -4.41946 -0.33112

Value 95: (gtsam::Pose3)
R: [
	0.865911, 0.476999, -0.150567;
	-0.47228, 0.878819, 0.0680322;
	0.164773, 0.0122001, 0.986256
]
t:  -4.13197  -5.04447 -0.205929

Value 96: (gtsam::Pose3)
R: [
	0.927098, 0.350468, -0.132896;
	-0.344783, 0.936472, 0.064383;
	0.147017, -0.0138692, 0.989037
]
t: -3.23262 -5.48628 -0.13563

Value 97: (gtsam::Pose3)
R: [
	0.960326, 0.239778, -0.142413;
	-0.231121, 0.97005, 0.0747474;
	0.15607, -0.0388673, 0.986981
]
t:  -2.18447  -5.93511 0.0658841

Value 98: (gtsam::Pose3)
R: [
	0.986076, 0.0766516, -0.147578;
	-0.0681957, 0.995772, 0.0615358;
	0.151671, -0.0506148, 0.987134
]
t: -1.23084  -6.0679 0.103318

Value 99: (gtsam::Pose3)
R: [
	0.995369, -0.0268276, -0.0923109;
	0.030818, 0.998639, 0.0420775;
	0.0910564, -0.0447274, 0.994841
]
t: -0.263421  -6.13423  0.287065

Value 100: (gtsam::Pose3)
R: [
	0.983953, -0.165643, -0.0663208;
	0.170213, 0.982884, 0.0704703;
	0.0535127, -0.0806281, 0.995307
]
t: 0.808673 -5.97956 0.335661

Value 101: (gtsam::Pose3)
R: [
	0.95663, -0.288609, 0.0395372;
	0.279992, 0.948427, 0.148629;
	-0.0803939, -0.131113, 0.988102
]
t:  1.95765 -5.79645 0.223993

Value 102: (gtsam::Pose3)
R: [
	0.90153, -0.405362, 0.151413;
	0.396235, 0.913959, 0.0876173;
	-0.173902, -0.0189942, 0.98458
]
t:  2.90387  -5.5238 0.242301

Value 103: (gtsam::Pose3)
R: [
	0.87147, -0.466733, 0.150666;
	0.46482, 0.883999, 0.0498808;
	-0.15647, 0.0265629, 0.987325
]
t:    3.83942    -5.1452 -0.0779398

Value 104: (gtsam::Pose3)
R: [
	0.79595, -0.594921, 0.111948;
	0.594839, 0.802955, 0.0378042;
	-0.11238, 0.0365011, 0.992995
]
t:      4.7241    -4.54875 -0.00622593

Value 105: (gtsam::Pose3)
R: [
	0.76005, -0.645847, 0.0721467;
	0.644627, 0.763331, 0.0422251;
	-0.0823428, 0.0144145, 0.9965
]
t:    5.5277  -3.86387 -0.339598

Value 106: (gtsam::Pose3)
R: [
	0.667649, -0.741304, 0.0686614;
	0.741075, 0.670572, 0.0337785;
	-0.0710825, 0.028331, 0.997068
]
t:   6.21646  -3.13313 -0.552015

Value 107: (gtsam::Pose3)
R: [
	0.527871, -0.842002, 0.111288;
	0.844505, 0.53429, 0.0366873;
	-0.0903506, 0.0746168, 0.993111
]
t:   6.83744  -2.31806 -0.649503

Value 108: (gtsam::Pose3)
R: [
	0.435117, -0.890835, 0.130714;
	0.89498, 0.443796, 0.0453538;
	-0.098413, 0.097252, 0.990382
]
t:   7.28859  -1.44708 -0.807907

Value 109: (gtsam::Pose3)
R: [
	0.255842, -0.953153, 0.161381;
	0.963605, 0.264827, 0.0365003;
	-0.0775283, 0.146169, 0.986217
]
t:    7.7642  -0.52554 -0.921718

Value 110: (gtsam::Pose3)
R: [
	0.184388, -0.972205, 0.144288;
	0.979341, 0.194138, 0.0565808;
	-0.0830199, 0.130874, 0.987917
]
t:  8.09791 0.611336 -1.02644

Value 111: (gtsam::Pose3)
R: [
	-0.0381908, -0.987651, 0.151945;
	0.994139, -0.0221632, 0.105811;
	-0.101136, 0.155096, 0.982709
]
t:  8.20502  1.51549 -1.12362

Value 112: (gtsam::Pose3)
R: [
	-0.143047, -0.973448, 0.178705;
	0.984553, -0.121543, 0.126027;
	-0.10096, 0.193972, 0.975798
]
t:  8.23938  2.45269 -1.40506

Value 113: (gtsam::Pose3)
R: [
	-0.291654, -0.945093, 0.147435;
	0.949342, -0.267152, 0.165471;
	-0.116998, 0.188226, 0.975132
]
t:  8.11118  3.51607 -1.55089

Value 114: (gtsam::Pose3)
R: [
	-0.378825, -0.896526, 0.229637;
	0.919756, -0.337188, 0.200879;
	-0.102662, 0.287308, 0.952321
]
t:   7.8045  4.59692 -1.63926

Value 115: (gtsam::Pose3)
R: [
	-0.492089, -0.859168, 0.140282;
	0.866, -0.466679, 0.179594;
	-0.0888347, 0.209861, 0.973687
]
t:  7.32276  5.58307 -1.91644

Value 116: (gtsam::Pose3)
R: [
	-0.611618, -0.782445, 0.117063;
	0.786374, -0.584993, 0.198491;
	-0.0868272, 0.213457, 0.973086
]
t:  6.73959  6.47032 -2.15961

Value 117: (gtsam::Pose3)
R: [
	-0.670766, -0.734561, 0.102434;
	0.735124, -0.640166, 0.223116;
	-0.0983178, 0.22496, 0.969395
]
t:  6.17297  7.49394 -2.33019

Value 118: (gtsam::Pose3)
R: [
	-0.746445, -0.64558, 0.161388;
	0.663345, -0.702611, 0.257512;
	-0.0528513, 0.299275, 0.952702
]
t: 5.30129 8.28427 -2.3744

Value 119: (gtsam::Pose3)
R: [
	-0.76415, -0.616234, 0.190605;
	0.645022, -0.732157, 0.218845;
	0.00469303, 0.290175, 0.956962
]
t:  4.27108  9.02385 -2.49733

Value 120: (gtsam::Pose3)
R: [
	-0.849193, -0.500615, 0.168094;
	0.525225, -0.833735, 0.170368;
	0.0548566, 0.232963, 0.970937
]
t:  3.37471  9.77945 -2.48314

Value 121: (gtsam::Pose3)
R: [
	-0.899981, -0.366196, 0.236504;
	0.413366, -0.889167, 0.196242;
	0.138429, 0.274377, 0.951606
]
t:  2.3483 10.3916 -2.3806

Value 122: (gtsam::Pose3)
R: [
	-0.944202, -0.205825, 0.257134;
	0.259331, -0.945868, 0.195143;
	0.203049, 0.250938, 0.946468
]
t:  1.24577  10.9337 -2.11814

Value 123: (gtsam::Pose3)
R: [
	-0.972397, -0.148501, 0.179977;
	0.188216, -0.955092, 0.228853;
	0.13791, 0.256411, 0.956679
]
t: 0.165553  11.0991 -1.76798

Value 124: (gtsam::Pose3)
R: [
	-0.976395, -0.00126011, 0.215991;
	0.0694286, -0.948746, 0.30832;
	0.204532, 0.316037, 0.926438
]
t: -1.18355  11.3132 -1.48501

Value 125: (gtsam::Pose3)
R: [
	-0.98626, 0.101879, 0.130045;
	-0.0681076, -0.967941, 0.24177;
	0.150507, 0.229591, 0.96158
]
t: -2.28336    11.43 -1.32203

Value 126: (gtsam::Pose3)
R: [
	-0.95351, 0.296327, 0.0548598;
	-0.274093, -0.928408, 0.250862;
	0.12527, 0.224163, 0.966467
]
t: -3.39512  11.3983 -1.23161

Value 127: (gtsam::Pose3)
R: [
	-0.922312, 0.385646, 0.0248552;
	-0.373963, -0.906886, 0.194192;
	0.0974302, 0.169811, 0.980649
]
t: -4.63468  11.0436 -1.06189

Value 128: (gtsam::Pose3)
R: [
	-0.826318, 0.556689, -0.0854151;
	-0.562963, -0.811983, 0.154129;
	0.0164464, 0.175445, 0.984352
]
t:  -5.71334   10.6713 -0.985186

Value 129: (gtsam::Pose3)
R: [
	-0.804305, 0.571033, -0.164364;
	-0.589329, -0.801971, 0.0976378;
	-0.0760611, 0.175395, 0.981556
]
t: -6.74423  9.98476 -0.91239

Value 130: (gtsam::Pose3)
R: [
	-0.68427, 0.701891, -0.197796;
	-0.724475, -0.685244, 0.0746737;
	-0.0831255, 0.194395, 0.977395
]
t: -7.68531  9.21543  -1.0173

Value 131: (gtsam::Pose3)
R: [
	-0.627048, 0.751978, -0.203323;
	-0.777848, -0.618501, 0.111393;
	-0.0419902, 0.228003, 0.972755
]
t: -8.57829  8.12133 -1.26612

Value 132: (gtsam::Pose3)
R: [
	-0.523693, 0.837456, -0.156247;
	-0.851803, -0.511874, 0.111434;
	0.0133422, 0.191449, 0.981412
]
t: -9.30575    7.242 -1.28574

Value 133: (gtsam::Pose3)
R: [
	-0.43124, 0.871653, -0.232922;
	-0.900727, -0.400995, 0.167014;
	0.0521779, 0.281822, 0.958047
]
t: -9.96746  6.09008 -1.24058

Value 134: (gtsam::Pose3)
R: [
	-0.315049, 0.917338, -0.243381;
	-0.948968, -0.30062, 0.0953282;
	0.014283, 0.260994, 0.965235
]
t: -10.5776  4.92312 -1.12915

Value 135: (gtsam::Pose3)
R: [
	-0.140421, 0.940714, -0.308769;
	-0.989353, -0.121277, 0.0804462;
	0.0382304, 0.316778, 0.947729
]
t: -10.8196   3.7787 -1.13801

Value 136: (gtsam::Pose3)
R: [
	-0.0499254, 0.972809, -0.226166;
	-0.995312, -0.0296796, 0.092051;
	0.0828354, 0.229701, 0.96973
]
t: -11.0143   2.4143 -1.08489

Value 137: (gtsam::Pose3)
R: [
	0.0927087, 0.959483, -0.266077;
	-0.995588, 0.0932149, -0.0107546;
	0.0144835, 0.2659, 0.963892
]
t:   -10.932   1.29647 -0.896794

Value 138: (gtsam::Pose3)
R: [
	0.272121, 0.945327, -0.17974;
	-0.962259, 0.266775, -0.0537529;
	-0.00286392, 0.187584, 0.982244
]
t:  -10.7971 -0.102556  -1.05855

Value 139: (gtsam::Pose3)
R: [
	0.397586, 0.897769, -0.189571;
	-0.917544, 0.387594, -0.0887939;
	-0.00623988, 0.209243, 0.977844
]
t: -10.4889  -1.2734 -1.15682

Value 140: (gtsam::Pose3)
R: [
	0.495124, 0.848114, -0.188559;
	-0.868008, 0.492267, -0.0650864;
	0.0376204, 0.195896, 0.979903
]
t: -9.94435 -2.55773 -1.12699

Value 141: (gtsam::Pose3)
R: [
	0.564888, 0.806309, -0.175406;
	-0.814625, 0.578797, 0.0371559;
	0.131484, 0.121901, 0.983795
]
t: -9.34318 -3.80504 -1.08642

Value 142: (gtsam::Pose3)
R: [
	0.653003, 0.721, -0.231833;
	-0.740289, 0.672266, 0.00558029;
	0.159877, 0.167979, 0.97274
]
t:  -8.60633   -4.9046 -0.886341

Value 143: (gtsam::Pose3)
R: [
	0.752883, 0.62962, -0.191694;
	-0.645068, 0.763713, -0.0250992;
	0.130596, 0.142552, 0.981134
]
t:  -7.68419  -5.93666 -0.586098

Value 144: (gtsam::Pose3)
R: [
	0.847153, 0.512155, -0.141525;
	-0.515152, 0.856922, 0.0174123;
	0.130194, 0.0581562, 0.989781
]
t:  -6.67105  -6.90229 -0.451466

Value 145: (gtsam::Pose3)
R: [
	0.883031, 0.438377, -0.167578;
	-0.446354, 0.894785, -0.0112877;
	0.144998, 0.0847663, 0.985794
]
t:  -5.46792  -7.61826 -0.283977

Value 146: (gtsam::Pose3)
R: [
	0.935173, 0.336746, -0.109786;
	-0.335721, 0.941538, 0.0282587;
	0.112884, 0.0104308, 0.993553
]
t:   -4.29982   -8.33956 -0.0903845

Value 147: (gtsam::Pose3)
R: [
	0.955521, 0.268999, -0.120909;
	-0.272725, 0.961974, -0.0150917;
	0.112252, 0.0473954, 0.992549
]
t:  -2.84612  -8.83536 0.0769217

Value 148: (gtsam::Pose3)
R: [
	0.985756, 0.0946161, -0.139043;
	-0.104688, 0.992246, -0.0669912;
	0.131627, 0.0805932, 0.988018
]
t: -1.63995 -9.16767 0.212903

Value 149: (gtsam::Pose3)
R: [
	0.994808, 0.0105197, -0.101226;
	-0.0161809, 0.99834, -0.0552682;
	0.100477, 0.0566192, 0.993327
]
t: -0.23335 -9.20643 0.319605

Value 150: (gtsam::Pose3)
R: [
	0.991371, -0.127445, -0.030681;
	0.125195, 0.989896, -0.0665771;
	0.0388559, 0.0621615, 0.997309
]
t:  1.25492 -9.03152 0.438105

Value 151: (gtsam::Pose3)
R: [
	0.966488, -0.227975, 0.118017;
	0.230641, 0.972995, -0.00926509;
	-0.112718, 0.0361741, 0.992968
]
t:  2.66878 -8.81644 0.441836

Value 152: (gtsam::Pose3)
R: [
	0.913313, -0.335261, 0.231212;
	0.34161, 0.939749, 0.0132529;
	-0.221724, 0.0668802, 0.972813
]
t:  4.02722 -8.23986 0.200224

Value 153: (gtsam::Pose3)
R: [
	0.84315, -0.48595, 0.230111;
	0.503603, 0.863671, -0.0213468;
	-0.188367, 0.133883, 0.97293
]
t:   5.27915  -7.76372 -0.116224

Value 154: (gtsam::Pose3)
R: [
	0.781165, -0.591982, 0.19834;
	0.601049, 0.799019, 0.0175812;
	-0.168886, 0.105478, 0.979975
]
t:  6.45592 -6.98948 -0.28514

Value 155: (gtsam::Pose3)
R: [
	0.717012, -0.673585, 0.179379;
	0.684428, 0.729078, 0.00197077;
	-0.132109, 0.121359, 0.983778
]
t:   7.52417  -6.03432 -0.554611

Value 156: (gtsam::Pose3)
R: [
	0.61346, -0.778069, 0.13519;
	0.781351, 0.622859, 0.0392009;
	-0.114705, 0.0815824, 0.990044
]
t:   8.46071  -5.13083 -0.797746

Value 157: (gtsam::Pose3)
R: [
	0.432416, -0.882847, 0.183295;
	0.894294, 0.445878, 0.0378357;
	-0.11513, 0.147559, 0.98233
]
t:  9.39701  -4.0741 -1.03633

Value 158: (gtsam::Pose3)
R: [
	0.412514, -0.884761, 0.216864;
	0.90186, 0.430205, 0.0396505;
	-0.128377, 0.179225, 0.975396
]
t:  10.0138 -2.69759 -1.19021

Value 159: (gtsam::Pose3)
R: [
	0.293223, -0.931035, 0.21724;
	0.944181, 0.317694, 0.0871325;
	-0.150139, 0.179565, 0.972221
]
t:  10.5794 -1.30375 -1.47831

Value 160: (gtsam::Pose3)
R: [
	0.161913, -0.956298, 0.243473;
	0.977303, 0.189554, 0.0945989;
	-0.136616, 0.22263, 0.965283
]
t:   11.0727 0.0204404  -1.48012

Value 161: (gtsam::Pose3)
R: [
	-0.00703561, -0.966727, 0.255715;
	0.99162, 0.0262437, 0.126497;
	-0.128999, 0.254462, 0.958441
]
t:   11.212  1.44117 -1.62429

Value 162: (gtsam::Pose3)
R: [
	-0.11598, -0.970321, 0.212192;
	0.977382, -0.0734567, 0.198313;
	-0.17684, 0.230394, 0.956894
]
t:   11.137  2.81681 -1.96561

Value 163: (gtsam::Pose3)
R: [
	-0.2712, -0.937422, 0.218381;
	0.940413, -0.209709, 0.267668;
	-0.205121, 0.277959, 0.938437
]
t:  11.0175  4.26747 -2.27222

Value 164: (gtsam::Pose3)
R: [
	-0.383238, -0.883472, 0.269454;
	0.906836, -0.304486, 0.29144;
	-0.175434, 0.356041, 0.917855
]
t:  10.5294  5.61661 -2.44727

Value 165: (gtsam::Pose3)
R: [
	-0.519052, -0.830562, 0.201871;
	0.848487, -0.472154, 0.23904;
	-0.103223, 0.295359, 0.949794
]
t:  9.96079  7.00164 -2.72583

Value 166: (gtsam::Pose3)
R: [
	-0.601479, -0.766776, 0.224228;
	0.793968, -0.542642, 0.274144;
	-0.0885319, 0.342922, 0.935183
]
t:   9.2151  8.20673 -2.99183

Value 167: (gtsam::Pose3)
R: [
	-0.679232, -0.702317, 0.213058;
	0.733154, -0.636008, 0.240789;
	-0.0336038, 0.319756, 0.946904
]
t:   8.3194  9.40264 -3.20658

Value 168: (gtsam::Pose3)
R: [
	-0.817071, -0.541449, 0.198061;
	0.576537, -0.767234, 0.280992;
	-0.000184234, 0.34378, 0.93905
]
t:  7.22319  10.4647 -3.47284

Value 169: (gtsam::Pose3)
R: [
	-0.805064, -0.563842, 0.184265;
	0.59302, -0.757632, 0.272619;
	-0.014109, 0.328749, 0.944312
]
t:  6.06723   11.439 -3.40373

Value 170: (gtsam::Pose3)
R: [
	-0.861891, -0.446705, 0.239996;
	0.501673, -0.820148, 0.275104;
	0.0739425, 0.357509, 0.930978
]
t:  4.76975  12.2984 -3.32753

Value 171: (gtsam::Pose3)
R: [
	-0.921594, -0.270641, 0.27824;
	0.349398, -0.890654, 0.290959;
	0.16907, 0.365363, 0.915383
]
t:  3.43275  13.0779 -3.31246

Value 172: (gtsam::Pose3)
R: [
	-0.93526, -0.16164, 0.314898;
	0.265821, -0.908187, 0.32332;
	0.233725, 0.386095, 0.892358
]
t:  1.93479  13.7086 -3.06243

Value 173: (gtsam::Pose3)
R: [
	-0.974767, -0.0382382, 0.219925;
	0.115473, -0.929534, 0.350189;
	0.191037, 0.366748, 0.910495
]
t: 0.528541  14.1291 -2.70624

Value 174: (gtsam::Pose3)
R: [
	-0.988105, -0.0084534, 0.153549;
	0.0634769, -0.931877, 0.357179;
	0.140069, 0.362677, 0.921328
]
t: -1.12651  14.1794 -2.48794

Value 175: (gtsam::Pose3)
R: [
	-0.982613, 0.108987, 0.150308;
	-0.0454442, -0.926135, 0.374445;
	0.180015, 0.361105, 0.914985
]
t: -2.66617  14.3486 -2.26422

Value 176: (gtsam::Pose3)
R: [
	-0.973732, 0.227627, 0.00569106;
	-0.210731, -0.910359, 0.356143;
	0.0862487, 0.345589, 0.934414
]
t: -4.2892 14.2495  -2.004

Value 177: (gtsam::Pose3)
R: [
	-0.938745, 0.339203, -0.0608217;
	-0.338673, -0.875453, 0.344794;
	0.0637087, 0.344273, 0.936706
]
t: -5.77229  13.7837 -1.72548

Value 178: (gtsam::Pose3)
R: [
	-0.869274, 0.458996, -0.183535;
	-0.492399, -0.836773, 0.239489;
	-0.043653, 0.298554, 0.953394
]
t: -7.34837  13.2229 -1.56753

Value 179: (gtsam::Pose3)
R: [
	-0.739032, 0.597623, -0.310931;
	-0.665183, -0.72038, 0.19643;
	-0.106597, 0.351994, 0.929913
]
t: -8.46899  12.3759 -1.61384

Value 180: (gtsam::Pose3)
R: [
	-0.685299, 0.647008, -0.334285;
	-0.719473, -0.672588, 0.173159;
	-0.1128, 0.359175, 0.926428
]
t:  -9.8086  11.2367 -1.82801

Value 181: (gtsam::Pose3)
R: [
	-0.591187, 0.757073, -0.278097;
	-0.802254, -0.587464, 0.10618;
	-0.0829857, 0.285877, 0.954666
]
t:  -10.875  10.0748 -2.00122

Value 182: (gtsam::Pose3)
R: [
	-0.559302, 0.782798, -0.27278;
	-0.828846, -0.522516, 0.199979;
	0.0140115, 0.337941, 0.941063
]
t: -11.9426  8.66386 -2.07614

Value 183: (gtsam::Pose3)
R: [
	-0.435322, 0.852217, -0.29021;
	-0.899742, -0.400748, 0.172817;
	0.0309769, 0.336345, 0.941229
]
t: -12.8096  7.24696 -2.17587

Value 184: (gtsam::Pose3)
R: [
	-0.274449, 0.913726, -0.299636;
	-0.961418, -0.254641, 0.104086;
	0.0188064, 0.316642, 0.948359
]
t: -13.3472  5.83082 -2.03927

Value 185: (gtsam::Pose3)
R: [
	-0.0636015, 0.939866, -0.33557;
	-0.997905, -0.0559134, 0.0325333;
	0.0118141, 0.336936, 0.941453
]
t: -13.7569  4.17867 -2.00751

Value 186: (gtsam::Pose3)
R: [
	-0.0520642, 0.93962, -0.338237;
	-0.997094, -0.0300509, 0.0699997;
	0.0556088, 0.340898, 0.938454
]
t: -13.9125  2.43455 -1.97507

Value 187: (gtsam::Pose3)
R: [
	0.106029, 0.937252, -0.332138;
	-0.993225, 0.115798, 0.00969997;
	0.0475523, 0.32886, 0.943181
]
t: -13.8056 0.952364 -1.90929

Value 188: (gtsam::Pose3)
R: [
	0.301796, 0.90226, -0.30797;
	-0.952722, 0.297351, -0.0624741;
	0.0352071, 0.312264, 0.949343
]
t:  -13.7596 -0.792527  -1.79792

Value 189: (gtsam::Pose3)
R: [
	0.378833, 0.877907, -0.292856;
	-0.923081, 0.381139, -0.0515223;
	0.0663869, 0.289848, 0.954768
]
t: -13.1782 -2.30832  -1.8383

Value 190: (gtsam::Pose3)
R: [
	0.478216, 0.839606, -0.257626;
	-0.87414, 0.483364, -0.0473244;
	0.0847934, 0.247833, 0.965085
]
t: -12.5376 -3.99966 -1.79289

Value 191: (gtsam::Pose3)
R: [
	0.581877, 0.771751, -0.256553;
	-0.798641, 0.601807, -0.00103702;
	0.153595, 0.205497, 0.96653
]
t: -11.6775 -5.56148 -1.62233

Value 192: (gtsam::Pose3)
R: [
	0.620037, 0.758616, -0.20014;
	-0.776614, 0.629684, -0.0191946;
	0.111464, 0.167333, 0.979579
]
t: -10.6373 -6.94349 -1.45021

Value 193: (gtsam::Pose3)
R: [
	0.744214, 0.64361, -0.178642;
	-0.659503, 0.750422, -0.0438421;
	0.10584, 0.150443, 0.982937
]
t: -9.61341  -8.2498 -1.11921

Value 194: (gtsam::Pose3)
R: [
	0.791871, 0.57931, -0.193236;
	-0.595011, 0.803136, -0.030574;
	0.137483, 0.139188, 0.980676
]
t:  -8.17171  -9.44915 -0.758477

Value 195: (gtsam::Pose3)
R: [
	0.856689, 0.475944, -0.198901;
	-0.497974, 0.863657, -0.0782135;
	0.134557, 0.166052, 0.976894
]
t:  -6.77722  -10.3349 -0.643031

Value 196: (gtsam::Pose3)
R: [
	0.954277, 0.276807, -0.112838;
	-0.284261, 0.957104, -0.0561068;
	0.0924671, 0.085617, 0.992028
]
t:  -5.26913  -11.2137 -0.382341

Value 197: (gtsam::Pose3)
R: [
	0.946697, 0.282276, -0.155195;
	-0.297871, 0.950526, -0.0881698;
	0.122629, 0.129698, 0.983941
]
t:   -3.7003  -11.8229 -0.198009

Value 198: (gtsam::Pose3)
R: [
	0.991988, 0.0658738, -0.107795;
	-0.0782184, 0.990325, -0.114619;
	0.0992015, 0.122132, 0.987544
]
t:   -1.97309   -12.1111 -0.0894266

Value 199: (gtsam::Pose3)
R: [
	0.997243, 0.0396252, -0.062738;
	-0.0486786, 0.987475, -0.150077;
	0.0560054, 0.152717, 0.986682
]
t: -0.207901  -12.2094 0.0248182

Value 200: (gtsam::Pose3)
R: [
	0.991978, -0.125495, 0.0151839;
	0.126179, 0.975743, -0.178896;
	0.00763489, 0.179376, 0.983751
]
t:  1.70654 -12.0078 0.103704

Value 201: (gtsam::Pose3)
R: [
	0.954048, -0.272617, 0.124388;
	0.282027, 0.957182, -0.0652987;
	-0.101261, 0.0973788, 0.990083
]
t:  3.41552 -11.7887 0.114461

Value 202: (gtsam::Pose3)
R: [
	0.895404, -0.388878, 0.216854;
	0.421861, 0.896733, -0.133807;
	-0.142426, 0.211293, 0.96699
]
t:   5.14477  -11.0991 -0.077376

Value 203: (gtsam::Pose3)
R: [
	0.857626, -0.471842, 0.204558;
	0.496322, 0.863573, -0.0889159;
	-0.134696, 0.177783, 0.974808
]
t:   6.75844  -10.3591 -0.499776

Value 204: (gtsam::Pose3)
R: [
	0.790777, -0.540698, 0.286909;
	0.582013, 0.809344, -0.0788818;
	-0.189557, 0.229363, 0.954705
]
t:   8.38516  -9.38425 -0.632596

Value 205: (gtsam::Pose3)
R: [
	0.688682, -0.682664, 0.244311;
	0.706456, 0.707615, -0.0141655;
	-0.163208, 0.182351, 0.969593
]
t:  9.54934 -8.33826 -0.95419

Value 206: (gtsam::Pose3)
R: [
	0.633648, -0.73643, 0.236985;
	0.765391, 0.641334, -0.0535521;
	-0.112549, 0.21532, 0.970036
]
t:  10.8928 -6.99294 -1.19591

Value 207: (gtsam::Pose3)
R: [
	0.50095, -0.822052, 0.270701;
	0.851693, 0.523836, 0.0146448;
	-0.153842, 0.223218, 0.962552
]
t:  12.0921 -5.46288 -1.43032

Value 208: (gtsam::Pose3)
R: [
	0.378992, -0.873607, 0.305246;
	0.912484, 0.407704, 0.0339055;
	-0.15407, 0.265683, 0.95167
]
t:  12.8372 -3.96582 -1.82472

Value 209: (gtsam::Pose3)
R: [
	0.247337, -0.92949, 0.27363;
	0.963578, 0.265598, 0.0312184;
	-0.101693, 0.255942, 0.961328
]
t:  13.4188 -2.28572 -2.06439

Value 210: (gtsam::Pose3)
R: [
	0.114838, -0.969036, 0.21859;
	0.986045, 0.137894, 0.0932736;
	-0.120528, 0.204829, 0.971349
]
t:   13.9108 -0.557103  -2.34855

Value 211: (gtsam::Pose3)
R: [
	-0.0510063, -0.964333, 0.259731;
	0.988345, -0.0113901, 0.151803;
	-0.14343, 0.264447, 0.953675
]
t:  14.1978   1.1858 -2.58968

Value 212: (gtsam::Pose3)
R: [
	-0.189777, -0.946236, 0.261958;
	0.970602, -0.140575, 0.195375;
	-0.148046, 0.291335, 0.945096
]
t: 14.1337 3.02376 -2.7325

Value 213: (gtsam::Pose3)
R: [
	-0.276527, -0.922434, 0.269533;
	0.939311, -0.200177, 0.278612;
	-0.203047, 0.330219, 0.921807
]
t:  13.7193  4.92418 -3.13559

Value 214: (gtsam::Pose3)
R: [
	-0.337073, -0.883607, 0.324993;
	0.921064, -0.238, 0.308216;
	-0.194993, 0.40323, 0.894082
]
t:  13.2417  6.57917 -3.44789

Value 215: (gtsam::Pose3)
R: [
	-0.470726, -0.841898, 0.263865;
	0.874828, -0.406602, 0.263344;
	-0.114421, 0.354799, 0.927914
]
t: 12.4793  8.3017 -3.8012

Value 216: (gtsam::Pose3)
R: [
	-0.587831, -0.769889, 0.248447;
	0.79262, -0.486649, 0.367325;
	-0.161893, 0.412849, 0.896296
]
t:  11.5392  9.83109 -4.09711

Value 217: (gtsam::Pose3)
R: [
	-0.66283, -0.710032, 0.237722;
	0.741363, -0.577775, 0.341405;
	-0.105059, 0.402531, 0.909358
]
t: 10.3247 11.2331 -4.3986

Value 218: (gtsam::Pose3)
R: [
	-0.756885, -0.631215, 0.169386;
	0.64835, -0.692586, 0.316176;
	-0.0822604, 0.349131, 0.933457
]
t:  8.88981  12.7106 -4.56459

Value 219: (gtsam::Pose3)
R: [
	-0.843112, -0.463839, 0.272059;
	0.534241, -0.780121, 0.325573;
	0.0612253, 0.419839, 0.905531
]
t:  7.71138  13.8426 -4.71372

Value 220: (gtsam::Pose3)
R: [
	-0.855613, -0.44691, 0.261146;
	0.512949, -0.799673, 0.312099;
	0.0693515, 0.400991, 0.913453
]
t:  6.08361  14.8383 -4.57316

Value 221: (gtsam::Pose3)
R: [
	-0.890153, -0.386196, 0.241827;
	0.44727, -0.841939, 0.301809;
	0.0870458, 0.376818, 0.922188
]
t:  4.22247  15.8185 -4.41654

Value 222: (gtsam::Pose3)
R: [
	-0.935878, -0.296225, 0.190745;
	0.343534, -0.887411, 0.307387;
	0.0782132, 0.353204, 0.932271
]
t: 2.57551 16.5154 -4.1878

Value 223: (gtsam::Pose3)
R: [
	-0.980995, -0.127008, 0.146692;
	0.17111, -0.922734, 0.345375;
	0.0914927, 0.363912, 0.926929
]
t: 0.709136  16.9755 -3.90649

Value 224: (gtsam::Pose3)
R: [
	-0.989129, 0.0258092, 0.144766;
	0.0392718, -0.902355, 0.429202;
	0.141708, 0.430221, 0.891532
]
t: -1.26056  17.0915 -3.60775

Value 225: (gtsam::Pose3)
R: [
	-0.975392, 0.188042, 0.115111;
	-0.114673, -0.878603, 0.463581;
	0.18831, 0.438973, 0.878545
]
t: -3.05501  17.1376 -3.57285

Value 226: (gtsam::Pose3)
R: [
	-0.970753, 0.230403, 0.0674746;
	-0.166109, -0.847502, 0.504132;
	0.173338, 0.478179, 0.860987
]
t: -4.9785  16.956 -3.1964

Value 227: (gtsam::Pose3)
R: [
	-0.920283, 0.370423, -0.125959;
	-0.380979, -0.775117, 0.504032;
	0.089072, 0.51184, 0.854451
]
t: -6.88812  16.5821   -2.834

Value 228: (gtsam::Pose3)
R: [
	-0.844136, 0.435473, -0.312726;
	-0.531373, -0.757091, 0.380074;
	-0.0712501, 0.487009, 0.870486
]
t: -8.69952  15.7339 -2.63769

Value 229: (gtsam::Pose3)
R: [
	-0.757883, 0.543337, -0.361106;
	-0.649513, -0.680335, 0.339524;
	-0.0611973, 0.491862, 0.86852
]
t: -10.2826  14.5836 -2.81128

Value 230: (gtsam::Pose3)
R: [
	-0.67087, 0.652409, -0.352557;
	-0.739224, -0.62616, 0.247934;
	-0.0590028, 0.42695, 0.902348
]
t: -11.7756  13.1706 -2.96505

Value 231: (gtsam::Pose3)
R: [
	-0.581793, 0.755841, -0.300368;
	-0.812559, -0.556298, 0.174012;
	-0.0355686, 0.345306, 0.937816
]
t: -13.1002  11.8489 -3.14342

Value 232: (gtsam::Pose3)
R: [
	-0.52119, 0.781682, -0.342542;
	-0.853182, -0.487109, 0.186562;
	-0.0210234, 0.389484, 0.920793
]
t: -14.4614  10.1424  -3.2171

Value 233: (gtsam::Pose3)
R: [
	-0.39199, 0.852974, -0.344644;
	-0.919462, -0.350802, 0.17756;
	0.0305523, 0.386489, 0.921788
]
t: -15.4175  8.48987 -3.16365

Value 234: (gtsam::Pose3)
R: [
	-0.241732, 0.903582, -0.353702;
	-0.970249, -0.219987, 0.101112;
	0.0135532, 0.367621, 0.929877
]
t: -16.0597  6.65777 -3.15807

Value 235: (gtsam::Pose3)
R: [
	-0.0992543, 0.917023, -0.386286;
	-0.99472, -0.0812565, 0.0626895;
	0.0260995, 0.390469, 0.920246
]
t: -16.5884  4.49228 -3.15363

Value 236: (gtsam::Pose3)
R: [
	-0.038942, 0.927438, -0.371943;
	-0.998316, -0.020098, 0.0544081;
	0.0429848, 0.373436, 0.926659
]
t: -16.7267  2.46711 -3.02918

Value 237: (gtsam::Pose3)
R: [
	0.0920695, 0.92242, -0.375053;
	-0.991583, 0.119366, 0.0501552;
	0.0910326, 0.367278, 0.925646
]
t: -16.6034 0.457516 -2.88757

Value 238: (gtsam::Pose3)
R: [
	0.228997, 0.908763, -0.348869;
	-0.971699, 0.234751, -0.0263233;
	0.0579758, 0.345024, 0.936802
]
t: -16.3886 -1.68042 -2.82673

Value 239: (gtsam::Pose3)
R: [
	0.344308, 0.880445, -0.325989;
	-0.933397, 0.358402, -0.0178608;
	0.101109, 0.310426, 0.945205
]
t: -15.9507 -3.45664 -2.81067

Value 240: (gtsam::Pose3)
R: [
	0.454735, 0.831772, -0.318389;
	-0.885391, 0.460895, -0.0604875;
	0.0964321, 0.309405, 0.946028
]
t: -14.9991 -5.51289 -2.53387

Value 241: (gtsam::Pose3)
R: [
	0.526506, 0.796498, -0.297293;
	-0.839174, 0.542948, -0.0315281;
	0.136302, 0.26608, 0.954266
]
t:  -14.193  -7.2317 -2.36859

Value 242: (gtsam::Pose3)
R: [
	0.66907, 0.68868, -0.279402;
	-0.72689, 0.68471, -0.0529502;
	0.154844, 0.238522, 0.958713
]
t: -13.0112 -8.85754 -2.17312

Value 243: (gtsam::Pose3)
R: [
	0.753374, 0.591514, -0.287295;
	-0.626906, 0.777951, -0.0422062;
	0.198536, 0.211904, 0.956912
]
t: -11.6105 -10.3705 -1.77543

Value 244: (gtsam::Pose3)
R: [
	0.820712, 0.511976, -0.253599;
	-0.547965, 0.831012, -0.0956733;
	0.161762, 0.217484, 0.962566
]
t: -10.0079 -11.8055 -1.29185

Value 245: (gtsam::Pose3)
R: [
	0.866219, 0.463761, -0.185985;
	-0.48536, 0.869386, -0.0926972;
	0.118703, 0.170566, 0.97817
]
t: -8.32226 -12.9941  -1.2136

Value 246: (gtsam::Pose3)
R: [
	0.927713, 0.343693, -0.145684;
	-0.362682, 0.922261, -0.133779;
	0.08838, 0.176945, 0.980245
]
t:  -6.3329 -14.1079 -1.11497

Value 247: (gtsam::Pose3)
R: [
