Nonlinear optimization exceed max iterations: 10 >= 10, chi2 = 0.242737
After relin
Values with 1001 values:
Value 0: (gtsam::Pose3)
R: [
	1, 2.96735e-11, 1.19045e-11;
	-2.96735e-11, 1, -3.89059e-11;
	-1.19045e-11, 3.89059e-11, 1
]
t: -1.0199e-13 1.04429e-12 4.14846e-13

Value 1: (gtsam::Pose3)
R: [
	0.979356, -0.200233, 0.0277204;
	0.198459, 0.978485, 0.0563977;
	-0.0384167, -0.0497321, 0.998023
]
t:   0.348112 -0.0810689  0.0561283

Value 2: (gtsam::Pose3)
R: [
	0.876004, -0.479369, 0.0531226;
	0.471129, 0.874074, 0.118457;
	-0.103218, -0.0787411, 0.991537
]
t:   0.555779  0.0179333 -0.0341534

Value 3: (gtsam::Pose3)
R: [
	0.826231, -0.56245, 0.0315043;
	0.553509, 0.820951, 0.140242;
	-0.104743, -0.0984344, 0.989616
]
t:   0.672257 0.00560934  -0.262959

Value 4: (gtsam::Pose3)
R: [
	0.729105, -0.684307, -0.0114106;
	0.677272, 0.719009, 0.155974;
	-0.0985298, -0.12145, 0.987695
]
t:  0.773413 0.0854202  -0.42036

Value 5: (gtsam::Pose3)
R: [
	0.692233, -0.721128, -0.0280837;
	0.717867, 0.684067, 0.129306;
	-0.0740351, -0.10967, 0.991207
]
t:   1.03994  0.219575 -0.518903

Value 6: (gtsam::Pose3)
R: [
	0.536956, -0.842338, -0.0463037;
	0.841395, 0.530763, 0.101712;
	-0.0610999, -0.0935748, 0.993736
]
t:   1.16782  0.346263 -0.539049

Value 7: (gtsam::Pose3)
R: [
	0.416297, -0.905131, -0.0862252;
	0.906416, 0.405684, 0.117606;
	-0.0714691, -0.127115, 0.98931
]
t:   1.43968  0.447511 -0.641714

Value 8: (gtsam::Pose3)
R: [
	0.293476, -0.955963, 0.00270472;
	0.949651, 0.291861, 0.113929;
	-0.109701, -0.0308667, 0.993485
]
t:   1.69308  0.695722 -0.477409

Value 9: (gtsam::Pose3)
R: [
	0.179109, -0.983804, 0.00697421;
	0.973249, 0.178216, 0.145;
	-0.143895, -0.0191833, 0.989407
]
t:  1.88113 0.916725 -0.54003

Value 10: (gtsam::Pose3)
R: [
	0.0686871, -0.997637, 0.00138831;
	0.988417, 0.0682409, 0.135556;
	-0.135331, -0.00793873, 0.990769
]
t:   2.03643    1.2929 -0.694071

Value 11: (gtsam::Pose3)
R: [
	0.0662561, -0.99706, -0.0385026;
	0.987741, 0.0600731, 0.144079;
	-0.141343, -0.0475767, 0.988817
]
t:   2.05003   1.69511 -0.808891

Value 12: (gtsam::Pose3)
R: [
	-0.00470796, -0.998654, -0.0516488;
	0.98697, -0.0129476, 0.160382;
	-0.160835, -0.0502207, 0.985703
]
t:   2.05063   2.25912 -0.912413

Value 13: (gtsam::Pose3)
R: [
	-0.230824, -0.972708, 0.0236344;
	0.955494, -0.222019, 0.194264;
	-0.183715, 0.0674233, 0.980665
]
t:  2.02666  2.34469 -0.85155

Value 14: (gtsam::Pose3)
R: [
	-0.403552, -0.911204, -0.0827858;
	0.88916, -0.4119, 0.199332;
	-0.215731, 0.00683098, 0.976429
]
t:   1.98862   2.75096 -0.892159

Value 15: (gtsam::Pose3)
R: [
	-0.523454, -0.851659, -0.0259464;
	0.826967, -0.515141, 0.225287;
	-0.205234, 0.0964707, 0.973947
]
t:  1.76763  2.99016 -1.06899

Value 16: (gtsam::Pose3)
R: [
	-0.578312, -0.815488, -0.0230964;
	0.791644, -0.567793, 0.225635;
	-0.197117, 0.112203, 0.973938
]
t:  1.71634  3.46069 -1.17544

Value 17: (gtsam::Pose3)
R: [
	-0.603147, -0.797346, 0.0212659;
	0.781442, -0.585352, 0.216129;
	-0.159882, 0.146976, 0.976133
]
t:  1.4583 3.85316  -1.316

Value 18: (gtsam::Pose3)
R: [
	-0.691812, -0.721785, 0.0205427;
	0.714779, -0.680508, 0.161242;
	-0.102403, 0.126233, 0.986701
]
t: 1.02405 4.16628 -1.3135

Value 19: (gtsam::Pose3)
R: [
	-0.802969, -0.592232, 0.0670966;
	0.595827, -0.794729, 0.11574;
	-0.0152214, 0.132914, 0.991011
]
t: 0.772609  4.34615 -1.34555

Value 20: (gtsam::Pose3)
R: [
	-0.869515, -0.469957, 0.151931;
	0.488278, -0.864231, 0.121197;
	0.0743464, 0.179568, 0.980932
]
t: 0.504501  4.66315 -1.35959

Value 21: (gtsam::Pose3)
R: [
	-0.91068, -0.37516, 0.172968;
	0.402465, -0.900146, 0.166611;
	0.0931909, 0.221343, 0.970733
]
t: -0.00943107     4.77064    -1.14286

Value 22: (gtsam::Pose3)
R: [
	-0.942112, -0.277798, 0.187756;
	0.299866, -0.948607, 0.101121;
	0.150015, 0.151569, 0.976997
]
t: -0.368599   5.04075  -1.15443

Value 23: (gtsam::Pose3)
R: [
	-0.972254, -0.150813, 0.178821;
	0.170012, -0.980624, 0.0973305;
	0.160677, 0.125032, 0.979056
]
t: -0.719168    5.2632 -0.994791

Value 24: (gtsam::Pose3)
R: [
	-0.981958, -0.085849, 0.16849;
	0.108564, -0.985474, 0.130593;
	0.154831, 0.146529, 0.977014
]
t: -1.13715   5.3436 -0.93684

Value 25: (gtsam::Pose3)
R: [
	-0.989286, 0.0737936, 0.125967;
	-0.0539648, -0.986575, 0.154137;
	0.13565, 0.145688, 0.979987
]
t:  -1.61358   5.36774 -0.798541

Value 26: (gtsam::Pose3)
R: [
	-0.976387, 0.1974, 0.0877626;
	-0.175778, -0.962109, 0.208442;
	0.125584, 0.188093, 0.974089
]
t:  -2.00032   5.39312 -0.694523

Value 27: (gtsam::Pose3)
R: [
	-0.929598, 0.363058, 0.0635366;
	-0.343071, -0.915329, 0.21089;
	0.134722, 0.174245, 0.975443
]
t:  -2.55387   5.39474 -0.629483

Value 28: (gtsam::Pose3)
R: [
	-0.867077, 0.493711, 0.0665377;
	-0.486221, -0.867773, 0.102758;
	0.108473, 0.0567474, 0.992478
]
t:  -2.92178   5.18002 -0.695036

Value 29: (gtsam::Pose3)
R: [
	-0.800413, 0.599095, 0.020596;
	-0.594152, -0.79743, 0.105297;
	0.0795067, 0.0720439, 0.994228
]
t:  -3.19529   4.93739 -0.561427

Value 30: (gtsam::Pose3)
R: [
	-0.662926, 0.747598, -0.0403237;
	-0.744948, -0.653286, 0.135166;
	0.074707, 0.119644, 0.990002
]
t:   -3.5811   4.68586 -0.609356

Value 31: (gtsam::Pose3)
R: [
	-0.582717, 0.810884, -0.0539347;
	-0.808242, -0.571337, 0.142544;
	0.0847721, 0.126655, 0.988318
]
t:  -3.93563   4.37985 -0.533203

Value 32: (gtsam::Pose3)
R: [
	-0.511105, 0.859404, -0.0140229;
	-0.851437, -0.504, 0.145049;
	0.117588, 0.0860748, 0.989325
]
t:  -4.21028   4.13917 -0.498208

Value 33: (gtsam::Pose3)
R: [
	-0.44996, 0.892888, -0.0169666;
	-0.880067, -0.440111, 0.178284;
	0.151721, 0.0951524, 0.983833
]
t:   -4.6832   3.55363 -0.366237

Value 34: (gtsam::Pose3)
R: [
	-0.311822, 0.950116, -0.00676896;
	-0.928336, -0.303141, 0.215172;
	0.202386, 0.0733791, 0.976553
]
t:  -4.75966   3.05859 -0.271983

Value 35: (gtsam::Pose3)
R: [
	-0.163011, 0.986612, 0.00501477;
	-0.96905, -0.16106, 0.187089;
	0.185392, 0.0256379, 0.98233
]
t: -4.82771  2.60693 -0.38313

Value 36: (gtsam::Pose3)
R: [
	-0.107263, 0.994038, 0.0195725;
	-0.98711, -0.108826, 0.117349;
	0.11878, -0.00673297, 0.992898
]
t:  -4.95516   2.01175 -0.431552

Value 37: (gtsam::Pose3)
R: [
	0.0151262, 0.999878, 0.00381479;
	-0.995987, 0.0147306, 0.0882805;
	0.0882136, -0.00513483, 0.996088
]
t:  -4.92974   1.61084 -0.346066

Value 38: (gtsam::Pose3)
R: [
	0.229201, 0.972949, 0.0289336;
	-0.972786, 0.227922, 0.0417077;
	0.0339848, -0.0377057, 0.998711
]
t:   -5.0216   1.15133 -0.397729

Value 39: (gtsam::Pose3)
R: [
	0.293009, 0.955727, -0.0270618;
	-0.954174, 0.294099, 0.055306;
	0.0608162, 0.0096165, 0.998103
]
t:  -4.81077  0.495329 -0.268349

Value 40: (gtsam::Pose3)
R: [
	0.339689, 0.93725, -0.0785678;
	-0.934633, 0.345723, 0.0832916;
	0.105228, 0.0451388, 0.993423
]
t:  -4.54694  -0.14587 -0.271948

Value 41: (gtsam::Pose3)
R: [
	0.462912, 0.883983, -0.0654741;
	-0.875024, 0.467518, 0.125535;
	0.141581, -0.000819965, 0.989926
]
t:  -4.31337 -0.694703 -0.241304

Value 42: (gtsam::Pose3)
R: [
	0.614266, 0.786697, -0.0615156;
	-0.772438, 0.615402, 0.156908;
	0.161296, -0.048866, 0.985696
]
t:   -3.8528  -1.25565 -0.255331

Value 43: (gtsam::Pose3)
R: [
	0.669402, 0.740626, -0.0580896;
	-0.721969, 0.66698, 0.184114;
	0.175104, -0.081307, 0.981187
]
t:  -3.38547  -1.56676 -0.196996

Value 44: (gtsam::Pose3)
R: [
	0.807891, 0.574429, -0.131697;
	-0.557812, 0.817447, 0.143621;
	0.190156, -0.0425682, 0.980831
]
t:  -3.04809  -1.98507 -0.219048

Value 45: (gtsam::Pose3)
R: [
	0.895177, 0.433755, -0.10254;
	-0.419, 0.897403, 0.138224;
	0.151975, -0.0807709, 0.985078
]
t:  -2.79839  -2.35934 -0.372244

Value 46: (gtsam::Pose3)
R: [
	0.93361, 0.337455, -0.120399;
	-0.324999, 0.939072, 0.111892;
	0.150822, -0.0653345, 0.9864
]
t:  -2.33611  -2.66281 -0.234588

Value 47: (gtsam::Pose3)
R: [
	0.974296, 0.189798, -0.121339;
	-0.171675, 0.974337, 0.145585;
	0.145857, -0.121012, 0.981877
]
t: -1.80347 -2.96611 -0.20031

Value 48: (gtsam::Pose3)
R: [
	0.991013, -0.017783, -0.13258;
	0.0398883, 0.985319, 0.165997;
	0.127682, -0.169793, 0.977173
]
t:  -1.19588  -3.08605 -0.067502

Value 49: (gtsam::Pose3)
R: [
	0.98884, -0.114874, -0.0948638;
	0.123688, 0.98796, 0.0929348;
	0.0830458, -0.103631, 0.991143
]
t: -0.659788  -3.10997 0.0377568

Value 50: (gtsam::Pose3)
R: [
	0.989582, -0.139405, -0.0359634;
	0.142281, 0.985113, 0.0964808;
	0.0219782, -0.100593, 0.994685
]
t:  0.123079  -3.00587 -0.033168

Value 51: (gtsam::Pose3)
R: [
	0.919371, -0.391195, 0.0415084;
	0.385651, 0.917079, 0.101188;
	-0.0776507, -0.0770217, 0.994001
]
t:  0.81768 -3.04487 0.127759

Value 52: (gtsam::Pose3)
R: [
	0.903867, -0.419273, 0.0850502;
	0.416291, 0.907797, 0.0510598;
	-0.0986163, -0.0107456, 0.995068
]
t:   1.77411  -2.72384 0.0951261

Value 53: (gtsam::Pose3)
R: [
	0.854238, -0.5165, 0.0592119;
	0.507308, 0.85305, 0.122244;
	-0.11365, -0.0743865, 0.990732
]
t:    2.27167   -2.49501 -0.0987004

Value 54: (gtsam::Pose3)
R: [
	0.787318, -0.615349, 0.0384138;
	0.606921, 0.784487, 0.12738;
	-0.108518, -0.0769746, 0.99111
]
t:    2.7932  -2.13841 -0.141602

Value 55: (gtsam::Pose3)
R: [
	0.678228, -0.732284, 0.0613737;
	0.731564, 0.680726, 0.0377588;
	-0.0694288, 0.0192898, 0.9974
]
t:   3.30991  -1.81574 -0.261109

Value 56: (gtsam::Pose3)
R: [
	0.587549, -0.809178, 0.00415881;
	0.808444, 0.587222, 0.0398642;
	-0.0346993, -0.02006, 0.999196
]
t:   3.81909  -1.29044 -0.421819

Value 57: (gtsam::Pose3)
R: [
	0.508526, -0.859444, 0.0525116;
	0.860096, 0.509884, 0.0159142;
	-0.0404522, 0.0370722, 0.998494
]
t:   4.30256 -0.730079 -0.350568

Value 58: (gtsam::Pose3)
R: [
	0.408139, -0.912383, 0.0313012;
	0.908467, 0.409292, 0.0846678;
	-0.0900608, -0.0061201, 0.995917
]
t:   4.60207 -0.190364 -0.434944

Value 59: (gtsam::Pose3)
R: [
	0.293143, -0.954546, 0.0539261;
	0.945623, 0.297794, 0.130831;
	-0.140943, 0.0126414, 0.989937
]
t:   4.83957  0.478496 -0.551734

Value 60: (gtsam::Pose3)
R: [
	0.146352, -0.98556, 0.0851614;
	0.981421, 0.155455, 0.112458;
	-0.124073, 0.0671207, 0.99
]
t:   5.1433  1.15596 -0.70567

Value 61: (gtsam::Pose3)
R: [
	0.0107322, -0.999666, 0.0235139;
	0.99225, 0.0135579, 0.123515;
	-0.123792, 0.0220061, 0.992064
]
t:  5.12907  1.63418 -0.84114

Value 62: (gtsam::Pose3)
R: [
	-0.0625588, -0.996011, 0.063635;
	0.987607, -0.052583, 0.147878;
	-0.143942, 0.0720974, 0.986956
]
t:   5.09582   2.44334 -0.912238

Value 63: (gtsam::Pose3)
R: [
	-0.119896, -0.990257, 0.0708247;
	0.974036, -0.103533, 0.201334;
	-0.19204, 0.0931249, 0.976959
]
t:  5.04133  3.14349 -1.10666

Value 64: (gtsam::Pose3)
R: [
	-0.291353, -0.95501, 0.0554043;
	0.931631, -0.270117, 0.243107;
	-0.217203, 0.122446, 0.968416
]
t:  4.86447  3.78126 -1.16323

Value 65: (gtsam::Pose3)
R: [
	-0.318664, -0.945721, 0.0637518;
	0.924209, -0.295074, 0.242422;
	-0.210452, 0.136171, 0.968074
]
t:  4.48266  4.54964 -1.37935

Value 66: (gtsam::Pose3)
R: [
	-0.466261, -0.881916, 0.0694631;
	0.863643, -0.436776, 0.251688;
	-0.191628, 0.177343, 0.965312
]
t:  4.05154  5.08906 -1.56286

Value 67: (gtsam::Pose3)
R: [
	-0.640887, -0.758921, 0.11534;
	0.757312, -0.600531, 0.256594;
	-0.12547, 0.251796, 0.959612
]
t:  3.82333  5.65379 -1.71005

Value 68: (gtsam::Pose3)
R: [
	-0.71361, -0.686183, 0.141114;
	0.697699, -0.678011, 0.231339;
	-0.063064, 0.263541, 0.962585
]
t:  3.18006  6.23713 -1.69561

Value 69: (gtsam::Pose3)
R: [
	-0.798702, -0.569481, 0.194335;
	0.600856, -0.772174, 0.206686;
	0.0323562, 0.281848, 0.958913
]
t:  2.46453  6.70645 -1.85907

Value 70: (gtsam::Pose3)
R: [
	-0.861433, -0.464314, 0.205781;
	0.499486, -0.847875, 0.177824;
	0.09191, 0.255968, 0.962306
]
t:  1.86618   7.1134 -1.95685

Value 71: (gtsam::Pose3)
R: [
	-0.912744, -0.371812, 0.169277;
	0.396692, -0.90566, 0.149714;
	0.0976423, 0.203802, 0.974131
]
t:  1.20354  7.50862 -1.89894

Value 72: (gtsam::Pose3)
R: [
	-0.946766, -0.2535, 0.198423;
	0.285676, -0.945734, 0.154841;
	0.148403, 0.203283, 0.967808
]
t: 0.492168  7.91625 -1.78484

Value 73: (gtsam::Pose3)
R: [
	-0.963733, -0.18707, 0.190323;
	0.221734, -0.95816, 0.181004;
	0.1485, 0.216641, 0.964891
]
t: -0.408755   8.22561  -1.49034

Value 74: (gtsam::Pose3)
R: [
	-0.973172, 0.113842, 0.199942;
	-0.0759947, -0.979284, 0.187692;
	0.217167, 0.167462, 0.961663
]
t: -0.999649   8.33563  -1.42317

Value 75: (gtsam::Pose3)
R: [
	-0.982781, 0.108534, 0.149541;
	-0.0811987, -0.980656, 0.178103;
	0.165978, 0.162894, 0.972583
]
t: -1.88221  8.38583 -1.38914

Value 76: (gtsam::Pose3)
R: [
	-0.970611, 0.22697, 0.0799967;
	-0.208571, -0.959202, 0.190868;
	0.120054, 0.168573, 0.978351
]
t: -2.67906   8.3589 -1.28511

Value 77: (gtsam::Pose3)
R: [
	-0.927654, 0.365841, 0.0749528;
	-0.350332, -0.922051, 0.164589;
	0.129324, 0.126423, 0.98351
]
t: -3.59717  8.13413 -1.01396

Value 78: (gtsam::Pose3)
R: [
	-0.885904, 0.462361, 0.0373758;
	-0.448086, -0.873817, 0.188846;
	0.119975, 0.150552, 0.981295
]
t:  -4.32881   7.87855 -0.898486

Value 79: (gtsam::Pose3)
R: [
	-0.827857, 0.560838, 0.0106205;
	-0.552865, -0.818996, 0.153579;
	0.0948312, 0.12127, 0.988079
]
t:  -5.04354   7.47924 -0.953496

Value 80: (gtsam::Pose3)
R: [
	-0.729822, 0.680846, -0.0617158;
	-0.682953, -0.72208, 0.110344;
	0.0305634, 0.12268, 0.991975
]
t:  -5.75942   6.86159 -0.984562

Value 81: (gtsam::Pose3)
R: [
	-0.640793, 0.760237, -0.106882;
	-0.765632, -0.622588, 0.161836;
	0.0564903, 0.185536, 0.981012
]
t:  -6.38471   6.16984 -0.975518

Value 82: (gtsam::Pose3)
R: [
	-0.495037, 0.866353, -0.0661146;
	-0.863011, -0.481449, 0.153033;
	0.10075, 0.132815, 0.986007
]
t:   -6.8374   5.67804 -0.892154

Value 83: (gtsam::Pose3)
R: [
	-0.345041, 0.933769, -0.0949848;
	-0.932714, -0.329817, 0.145825;
	0.10484, 0.138909, 0.98474
]
t:  -7.21718   4.97171 -0.717453

Value 84: (gtsam::Pose3)
R: [
	-0.26054, 0.959592, -0.106314;
	-0.956241, -0.241297, 0.165468;
	0.133128, 0.144773, 0.980468
]
t:   -7.5707   4.02476 -0.650948

Value 85: (gtsam::Pose3)
R: [
	-0.199239, 0.976301, -0.084503;
	-0.972295, -0.186189, 0.141335;
	0.122252, 0.110321, 0.986349
]
t:   -7.8617   3.13543 -0.494799

Value 86: (gtsam::Pose3)
R: [
	-0.0446996, 0.991383, -0.123135;
	-0.99011, -0.0275564, 0.137561;
	0.132983, 0.128066, 0.98281
]
t: -8.01407  2.31001 -0.49905

Value 87: (gtsam::Pose3)
R: [
	0.0940205, 0.987486, -0.126612;
	-0.994446, 0.0991936, 0.0351783;
	0.0472972, 0.122602, 0.991328
]
t:  -8.08472   1.55548 -0.286373

Value 88: (gtsam::Pose3)
R: [
	0.24721, 0.964977, -0.0877896;
	-0.968486, 0.248913, 0.00883502;
	0.0303776, 0.0828389, 0.9961
]
t: -7.85952 0.506639 -0.41422

Value 89: (gtsam::Pose3)
R: [
	0.306639, 0.943075, -0.128774;
	-0.951448, 0.307511, -0.013555;
	0.0268159, 0.126678, 0.991581
]
t:   -7.6041  -0.37824 -0.310599

Value 90: (gtsam::Pose3)
R: [
	0.397665, 0.911567, -0.104439;
	-0.914727, 0.402765, 0.0324889;
	0.0716801, 0.0826131, 0.994001
]
t:  -7.28535  -1.22897 -0.315141

Value 91: (gtsam::Pose3)
R: [
	0.572854, 0.815765, -0.0797806;
	-0.813939, 0.577634, 0.0619903;
	0.0966536, 0.0294251, 0.994883
]
t:  -6.94251  -2.12887 -0.369264

Value 92: (gtsam::Pose3)
R: [
	0.610219, 0.772414, -0.176095;
	-0.775422, 0.627876, 0.0670241;
	0.162336, 0.0956489, 0.982089
]
t:  -6.29586  -3.11316 -0.389253

Value 93: (gtsam::Pose3)
R: [
	0.704746, 0.694499, -0.144927;
	-0.684288, 0.719339, 0.119589;
	0.187307, 0.0148921, 0.982189
]
t:  -5.55111  -3.75339 -0.207245

Value 94: (gtsam::Pose3)
R: [
	0.77052, 0.63011, -0.0962357;
	-0.619026, 0.775716, 0.122767;
	0.152008, -0.0350218, 0.987759
]
t:  -4.84431  -4.43863 -0.244236

Value 95: (gtsam::Pose3)
R: [
	0.871195, 0.471581, -0.136492;
	-0.468285, 0.881713, 0.0573753;
	0.147404, 0.013932, 0.988978
]
t:  -4.13086  -5.06056 -0.137563

Value 96: (gtsam::Pose3)
R: [
	0.931155, 0.345121, -0.11765;
	-0.341366, 0.938527, 0.0513482;
	0.128139, -0.00765152, 0.991727
]
t:   -3.2268  -5.50076 -0.088519

Value 97: (gtsam::Pose3)
R: [
	0.964413, 0.233713, -0.123634;
	-0.227631, 0.971808, 0.061422;
	0.134504, -0.0310932, 0.990425
]
t:  -2.17304  -5.94831 0.0861226

Value 98: (gtsam::Pose3)
R: [
	0.987848, 0.0712421, -0.138135;
	-0.0645613, 0.996544, 0.0522619;
	0.14138, -0.0427086, 0.989034
]
t: -1.21734  -6.0791 0.104072

Value 99: (gtsam::Pose3)
R: [
	0.995883, -0.0308866, -0.0852273;
	0.0339725, 0.99881, 0.0349986;
	0.0840449, -0.0377499, 0.995747
]
t: -0.248112  -6.14471  0.287536

Value 100: (gtsam::Pose3)
R: [
	0.982555, -0.169643, -0.0762048;
	0.174303, 0.982905, 0.0592988;
	0.0648425, -0.0715471, 0.995327
]
t: 0.820976 -5.98381 0.335777

Value 101: (gtsam::Pose3)
R: [
	0.955329, -0.294004, 0.0301447;
	0.287485, 0.948086, 0.135962;
	-0.068553, -0.121222, 0.990255
]
t:  1.96481 -5.80105 0.245057

Value 102: (gtsam::Pose3)
R: [
	0.898142, -0.41129, 0.155504;
	0.40258, 0.911396, 0.0853582;
	-0.176832, -0.0140611, 0.984141
]
t:  2.91303 -5.52084 0.277934

Value 103: (gtsam::Pose3)
R: [
	0.869294, -0.468295, 0.158202;
	0.46737, 0.882898, 0.0453523;
	-0.160915, 0.0345144, 0.986365
]
t:    3.84381   -5.13126 -0.0545118

Value 104: (gtsam::Pose3)
R: [
	0.79412, -0.59683, 0.114753;
	0.597489, 0.801223, 0.0323779;
	-0.111267, 0.0428519, 0.992866
]
t:    4.72727   -4.53369 0.00643166

Value 105: (gtsam::Pose3)
R: [
	0.759338, -0.647635, 0.0630492;
	0.647327, 0.761699, 0.0279594;
	-0.066132, 0.0195829, 0.997619
]
t:   5.53336  -3.84516 -0.323597

Value 106: (gtsam::Pose3)
R: [
	0.666076, -0.743827, 0.0553514;
	0.743156, 0.668151, 0.0359601;
	-0.0637312, 0.0171826, 0.997819
]
t:  6.22484 -3.11047 -0.51131

Value 107: (gtsam::Pose3)
R: [
	0.526858, -0.844618, 0.0950852;
	0.846319, 0.531647, 0.0331151;
	-0.0785214, 0.0630254, 0.994918
]
t:   6.84375  -2.29327 -0.609603

Value 108: (gtsam::Pose3)
R: [
	0.435306, -0.893092, 0.113561;
	0.896133, 0.441936, 0.0404845;
	-0.0863429, 0.0841424, 0.992706
]
t:    7.2953  -1.42152 -0.756304

Value 109: (gtsam::Pose3)
R: [
	0.253674, -0.956442, 0.144456;
	0.964146, 0.262044, 0.0418893;
	-0.0779186, 0.128651, 0.988624
]
t:   7.77524 -0.498429 -0.854378

Value 110: (gtsam::Pose3)
R: [
	0.182241, -0.974837, 0.128377;
	0.97947, 0.191429, 0.0631962;
	-0.0861812, 0.114225, 0.98971
]
t:   8.10624  0.639481 -0.958771

Value 111: (gtsam::Pose3)
R: [
	-0.0366652, -0.989387, 0.140604;
	0.994858, -0.0228454, 0.0986726;
	-0.0944132, 0.143499, 0.985137
]
t:  8.21065   1.5433 -1.06193

Value 112: (gtsam::Pose3)
R: [
	-0.142214, -0.973992, 0.176393;
	0.984259, -0.120259, 0.12951;
	-0.104929, 0.192035, 0.975763
]
t:  8.24745  2.48309 -1.33585

Value 113: (gtsam::Pose3)
R: [
	-0.295436, -0.943931, 0.147349;
	0.94238, -0.262594, 0.207279;
	-0.156964, 0.200096, 0.967121
]
t:  8.12319  3.54873 -1.46584

Value 114: (gtsam::Pose3)
R: [
	-0.386905, -0.897709, 0.210767;
	0.908823, -0.332554, 0.251891;
	-0.156034, 0.289008, 0.944525
]
t:  7.81654  4.62555 -1.60822

Value 115: (gtsam::Pose3)
R: [
	-0.500428, -0.857891, 0.116593;
	0.853444, -0.466154, 0.233097;
	-0.145622, 0.216153, 0.965439
]
t:  7.32828  5.58926 -1.95031

Value 116: (gtsam::Pose3)
R: [
	-0.618315, -0.780069, 0.0958037;
	0.772762, -0.581202, 0.255035;
	-0.143264, 0.231726, 0.962174
]
t:  6.74056  6.45458 -2.25794

Value 117: (gtsam::Pose3)
R: [
	-0.675876, -0.731396, 0.0908345;
	0.722701, -0.633525, 0.276314;
	-0.144549, 0.2524, 0.956765
]
t:  6.16676   7.4625 -2.49582

Value 118: (gtsam::Pose3)
R: [
	-0.750845, -0.642154, 0.154497;
	0.653832, -0.689569, 0.311444;
	-0.0934591, 0.334861, 0.937621
]
t:  5.29341  8.23979 -2.59163

Value 119: (gtsam::Pose3)
R: [
	-0.769669, -0.611444, 0.183701;
	0.637538, -0.720752, 0.272145;
	-0.0339989, 0.326578, 0.944559
]
t:  4.26169  8.96223 -2.76329

Value 120: (gtsam::Pose3)
R: [
	-0.85403, -0.494559, 0.161381;
	0.519842, -0.823178, 0.228347;
	0.0199144, 0.278908, 0.960111
]
t:  3.35745  9.71109 -2.79616

Value 121: (gtsam::Pose3)
R: [
	-0.906898, -0.359836, 0.219211;
	0.409528, -0.87514, 0.257715;
	0.0991057, 0.323494, 0.941026
]
t:  2.32141  10.3176 -2.73726

Value 122: (gtsam::Pose3)
R: [
	-0.948727, -0.198477, 0.246017;
	0.261173, -0.930621, 0.256384;
	0.178062, 0.307491, 0.934742
]
t:  1.21036  10.8584 -2.52237

Value 123: (gtsam::Pose3)
R: [
	-0.977036, -0.137847, 0.162479;
	0.182391, -0.935284, 0.303277;
	0.110159, 0.325947, 0.938948
]
t: 0.125395  11.0323 -2.18305

Value 124: (gtsam::Pose3)
R: [
	-0.977302, 0.00697676, 0.211737;
	0.0745988, -0.924112, 0.374771;
	0.198283, 0.382059, 0.902615
]
t: -1.22729  11.2498 -1.93419

Value 125: (gtsam::Pose3)
R: [
	-0.986206, 0.108848, 0.124702;
	-0.0662874, -0.950036, 0.305019;
	0.151672, 0.292546, 0.944146
]
t: -2.32616  11.3689 -1.77864

Value 126: (gtsam::Pose3)
R: [
	-0.952105, 0.301462, 0.051153;
	-0.271828, -0.911092, 0.309873;
	0.14002, 0.281127, 0.949401
]
t: -3.43654  11.3362 -1.68972

Value 127: (gtsam::Pose3)
R: [
	-0.92036, 0.389532, 0.0346787;
	-0.369521, -0.895244, 0.248984;
	0.128033, 0.21634, 0.967887
]
t: -4.67439  10.9822 -1.50312

Value 128: (gtsam::Pose3)
R: [
	-0.825366, 0.560585, -0.0672042;
	-0.561135, -0.801305, 0.207455;
	0.0624448, 0.208936, 0.975933
]
t: -5.74942  10.6128 -1.40121

Value 129: (gtsam::Pose3)
R: [
	-0.806189, 0.573999, -0.143472;
	-0.591032, -0.792452, 0.150672;
	-0.0272088, 0.206267, 0.978117
]
t: -6.77447  9.93102 -1.28127

Value 130: (gtsam::Pose3)
R: [
	-0.68486, 0.707526, -0.174278;
	-0.72775, -0.676186, 0.114688;
	-0.0367001, 0.205376, 0.977995
]
t: -7.71559  9.15989 -1.33087

Value 131: (gtsam::Pose3)
R: [
	-0.632336, 0.759364, -0.153355;
	-0.774138, -0.611877, 0.162224;
	0.0293531, 0.221298, 0.974764
]
t: -8.61404   8.0523 -1.51991

Value 132: (gtsam::Pose3)
R: [
	-0.526359, 0.842272, -0.116293;
	-0.846159, -0.505475, 0.168849;
	0.0834337, 0.187278, 0.978757
]
t: -9.34857  7.17993 -1.44859

Value 133: (gtsam::Pose3)
R: [
	-0.435184, 0.876653, -0.205169;
	-0.891777, -0.388346, 0.232211;
	0.123892, 0.284019, 0.950781
]
t:  -10.013  6.03498 -1.30778

Value 134: (gtsam::Pose3)
R: [
	-0.315506, 0.920511, -0.230466;
	-0.946706, -0.28875, 0.142729;
	0.064837, 0.263215, 0.962556
]
t: -10.6263  4.88198 -1.10877

Value 135: (gtsam::Pose3)
R: [
	-0.144408, 0.943762, -0.297421;
	-0.984364, -0.106376, 0.140396;
	0.100862, 0.313045, 0.944367
]
t:  -10.869  3.73803 -1.06292

Value 136: (gtsam::Pose3)
R: [
	-0.0516334, 0.970371, -0.236037;
	-0.990473, -0.0195459, 0.136312;
	0.12766, 0.240827, 0.962136
]
t:  -11.0728   2.37362 -0.919251

Value 137: (gtsam::Pose3)
R: [
	0.0858718, 0.956403, -0.279141;
	-0.99444, 0.0994202, 0.034719;
	0.0609576, 0.274608, 0.959622
]
t:  -10.9934   1.25975 -0.674719

Value 138: (gtsam::Pose3)
R: [
	0.264837, 0.943799, -0.197751;
	-0.96348, 0.267412, -0.0140659;
	0.0396058, 0.194254, 0.980151
]
t:  -10.8667 -0.150121 -0.762815

Value 139: (gtsam::Pose3)
R: [
	0.407847, 0.895621, -0.17755;
	-0.912594, 0.393716, -0.110273;
	-0.0288583, 0.207005, 0.977914
]
t:  -10.5645  -1.32738 -0.818293

Value 140: (gtsam::Pose3)
R: [
	0.498711, 0.846596, -0.185911;
	-0.865935, 0.496042, -0.0640278;
	0.0380141, 0.192918, 0.980478
]
t:  -10.0101  -2.60196 -0.807293

Value 141: (gtsam::Pose3)
R: [
	0.579076, 0.801071, -0.151513;
	-0.810751, 0.58538, -0.00366871;
	0.085754, 0.124964, 0.988448
]
t:  -9.40712  -3.84558 -0.753186

Value 142: (gtsam::Pose3)
R: [
	0.665634, 0.72054, -0.194303;
	-0.736986, 0.675634, -0.0192596;
	0.117401, 0.156019, 0.980752
]
t:   -8.6436  -4.94403 -0.631699

Value 143: (gtsam::Pose3)
R: [
	0.763216, 0.626601, -0.157711;
	-0.639796, 0.76699, -0.0488574;
	0.0903488, 0.138192, 0.986276
]
t:  -7.69865  -5.97299 -0.391774

Value 144: (gtsam::Pose3)
R: [
	0.855791, 0.505892, -0.108144;
	-0.51044, 0.859734, -0.0175395;
	0.0841023, 0.0702114, 0.99398
]
t:  -6.66965  -6.92992 -0.319687

Value 145: (gtsam::Pose3)
R: [
	0.885826, 0.429765, -0.174968;
	-0.444983, 0.893674, -0.0577701;
	0.131537, 0.129032, 0.982878
]
t:  -5.44828  -7.63552 -0.219118

Value 146: (gtsam::Pose3)
R: [
	0.939313, 0.32925, -0.0963577;
	-0.330723, 0.943728, 0.000729863;
	0.0911758, 0.0311821, 0.995347
]
t:   -4.27748   -8.35939 -0.0606139

Value 147: (gtsam::Pose3)
R: [
	0.958195, 0.264081, -0.110105;
	-0.269513, 0.962266, -0.037506;
	0.0960461, 0.0656129, 0.993212
]
t:  -2.81986  -8.85058 0.0755999

Value 148: (gtsam::Pose3)
R: [
	0.986657, 0.090453, -0.135376;
	-0.103601, 0.990219, -0.0934488;
	0.125599, 0.106227, 0.986378
]
t: -1.61113 -9.17916 0.192695

Value 149: (gtsam::Pose3)
R: [
	0.994607, 0.00675874, -0.103494;
	-0.0157869, 0.996112, -0.086665;
	0.102506, 0.0878314, 0.990847
]
t: -0.204528   -9.2157  0.297956

Value 150: (gtsam::Pose3)
R: [
	0.991053, -0.12945, -0.0325198;
	0.125749, 0.987245, -0.0976455;
	0.0447452, 0.0926825, 0.99469
]
t:  1.28107 -9.03736 0.416464

Value 151: (gtsam::Pose3)
R: [
	0.966487, -0.228723, 0.116574;
	0.235086, 0.970981, -0.0439353;
	-0.103142, 0.0698678, 0.99221
]
t:  2.69583 -8.81833 0.431835

Value 152: (gtsam::Pose3)
R: [
	0.907925, -0.334769, 0.252195;
	0.349871, 0.936657, -0.0162302;
	-0.230787, 0.102971, 0.96754
]
t:  4.05387  -8.2329 0.216776

Value 153: (gtsam::Pose3)
R: [
	0.840564, -0.484142, 0.243018;
	0.508862, 0.859524, -0.0477312;
	-0.185771, 0.163784, 0.968847
]
t:   5.28946  -7.74643 -0.117104

Value 154: (gtsam::Pose3)
R: [
	0.779735, -0.590315, 0.208667;
	0.603877, 0.797076, -0.00162166;
	-0.165366, 0.127274, 0.977985
]
t:   6.4648 -6.96681 -0.28579

Value 155: (gtsam::Pose3)
R: [
	0.723254, -0.673051, 0.154616;
	0.684653, 0.728117, -0.0331026;
	-0.0902985, 0.1298, 0.98742
]
t:  7.53514 -6.00732  -0.5411

Value 156: (gtsam::Pose3)
R: [
	0.615697, -0.777682, 0.126999;
	0.782117, 0.622753, 0.0217085;
	-0.0959714, 0.0859623, 0.991665
]
t:   8.48323  -5.09886 -0.725565

Value 157: (gtsam::Pose3)
R: [
	0.433379, -0.885679, 0.166602;
	0.895571, 0.443894, 0.0301684;
	-0.100673, 0.13613, 0.985563
]
t:   9.41558  -4.04161 -0.960129

Value 158: (gtsam::Pose3)
R: [
	0.415637, -0.887985, 0.196795;
	0.903468, 0.428027, 0.0232049;
	-0.104839, 0.168153, 0.98017
]
t:  10.0298 -2.66744 -1.09972

Value 159: (gtsam::Pose3)
R: [
	0.292363, -0.935609, 0.197886;
	0.943821, 0.31563, 0.0978765;
	-0.154033, 0.158154, 0.975326
]
t:   10.602 -1.26957 -1.35768

Value 160: (gtsam::Pose3)
R: [
	0.158955, -0.962608, 0.219363;
	0.976601, 0.185905, 0.108122;
	-0.14486, 0.197043, 0.969634
]
t:   11.0891 0.0563249   -1.3634

Value 161: (gtsam::Pose3)
R: [
	-0.0132798, -0.97429, 0.224904;
	0.987997, 0.0218335, 0.152921;
	-0.1539, 0.224235, 0.962306
]
t:  11.2205   1.4746 -1.52765

Value 162: (gtsam::Pose3)
R: [
	-0.114461, -0.976225, 0.184073;
	0.976598, -0.0766117, 0.200964;
	-0.182084, 0.202768, 0.962149
]
t:  11.1445  2.83803 -1.89682

Value 163: (gtsam::Pose3)
R: [
	-0.271335, -0.942485, 0.195192;
	0.935617, -0.210697, 0.283244;
	-0.225827, 0.259479, 0.938975
]
t:  11.0294  4.28956 -2.21754

Value 164: (gtsam::Pose3)
R: [
	-0.390624, -0.891339, 0.230059;
	0.891532, -0.304052, 0.335742;
	-0.22931, 0.336254, 0.913428
]
t:  10.5417  5.63303 -2.42295

Value 165: (gtsam::Pose3)
R: [
	-0.530277, -0.832894, 0.158413;
	0.830006, -0.471885, 0.297346;
	-0.172905, 0.289159, 0.941536
]
t:  9.96297  6.99514 -2.78222

Value 166: (gtsam::Pose3)
R: [
	-0.609556, -0.768375, 0.195042;
	0.777233, -0.53083, 0.337829;
	-0.156046, 0.357519, 0.920777
]
t:  9.20593   8.1748 -3.13203

Value 167: (gtsam::Pose3)
R: [
	-0.685632, -0.704018, 0.185116;
	0.723144, -0.629547, 0.284138;
	-0.0834989, 0.32868, 0.940743
]
t:  8.30371  9.33613 -3.45333

Value 168: (gtsam::Pose3)
R: [
	-0.821887, -0.541424, 0.177091;
	0.568224, -0.757221, 0.322084;
	-0.0402867, 0.365344, 0.93
]
t:  7.20892  10.3706 -3.79561

Value 169: (gtsam::Pose3)
R: [
	-0.810697, -0.562549, 0.162199;
	0.582523, -0.74731, 0.319679;
	-0.0586221, 0.353648, 0.93354
]
t:  6.04226  11.3408 -3.79066

Value 170: (gtsam::Pose3)
R: [
	-0.867969, -0.443688, 0.223093;
	0.495481, -0.804062, 0.328608;
	0.0335814, 0.39576, 0.91774
]
t:  4.73826  12.1908 -3.77982

Value 171: (gtsam::Pose3)
R: [
	-0.928874, -0.265113, 0.258664;
	0.346335, -0.869253, 0.352776;
	0.131319, 0.417269, 0.899245
]
t:  3.39454  12.9551 -3.82207

Value 172: (gtsam::Pose3)
R: [
	-0.942808, -0.154199, 0.295526;
	0.266573, -0.881066, 0.390719;
	0.20013, 0.447152, 0.871782
]
t: 1.88357 13.5771 -3.6364

Value 173: (gtsam::Pose3)
R: [
	-0.976899, -0.0296889, 0.211628;
	0.117382, -0.902079, 0.415301;
	0.178575, 0.430549, 0.884725
]
t: 0.458476   13.994 -3.33938

Value 174: (gtsam::Pose3)
R: [
	-0.988075, 0.00088704, 0.15397;
	0.0655199, -0.902507, 0.425662;
	0.139336, 0.430674, 0.891687
]
t: -1.19134  14.0391 -3.13179

Value 175: (gtsam::Pose3)
R: [
	-0.981026, 0.118199, 0.153676;
	-0.0385478, -0.895751, 0.442881;
	0.190004, 0.428554, 0.883312
]
t: -2.73021  14.2142 -2.91257

Value 176: (gtsam::Pose3)
R: [
	-0.972113, 0.234335, 0.00914814;
	-0.208105, -0.879971, 0.427017;
	0.108115, 0.413205, 0.904197
]
t: -4.34454  14.1274 -2.62997

Value 177: (gtsam::Pose3)
R: [
	-0.937248, 0.345848, -0.0442085;
	-0.333797, -0.853416, 0.400326;
	0.100724, 0.389961, 0.915306
]
t: -5.82708  13.6788 -2.30899

Value 178: (gtsam::Pose3)
R: [
	-0.865855, 0.471399, -0.167563;
	-0.500256, -0.81993, 0.278314;
	-0.00619351, 0.324804, 0.945761
]
t: -7.38543  13.1371 -2.09026

Value 179: (gtsam::Pose3)
R: [
	-0.744179, 0.609052, -0.274323;
	-0.666489, -0.704442, 0.244038;
	-0.0446131, 0.364441, 0.930157
]
t: -8.50972  12.2825 -2.07188

Value 180: (gtsam::Pose3)
R: [
	-0.691942, 0.657733, -0.297663;
	-0.720354, -0.656425, 0.224046;
	-0.0480304, 0.36945, 0.928009
]
t: -9.86018  11.1414 -2.17382

Value 181: (gtsam::Pose3)
R: [
	-0.595662, 0.766325, -0.24069;
	-0.802836, -0.577449, 0.148348;
	-0.0253036, 0.2816, 0.959198
]
t: -10.9368  9.97767 -2.24474

Value 182: (gtsam::Pose3)
R: [
	-0.558493, 0.79365, -0.241257;
	-0.826854, -0.509389, 0.2384;
	0.0663126, 0.332629, 0.940723
]
t: -12.0078   8.5714 -2.21829

Value 183: (gtsam::Pose3)
R: [
	-0.434028, 0.861947, -0.262043;
	-0.897245, -0.387407, 0.21182;
	0.0810601, 0.327052, 0.941523
]
t: -12.8749   7.1529  -2.2366

Value 184: (gtsam::Pose3)
R: [
	-0.273373, 0.920306, -0.279828;
	-0.959859, -0.242014, 0.141777;
	0.0627559, 0.307354, 0.949524
]
t: -13.4051  5.74669 -2.02864

Value 185: (gtsam::Pose3)
R: [
	-0.0660737, 0.948309, -0.310394;
	-0.996087, -0.0443908, 0.0764158;
	0.0586872, 0.314229, 0.947532
]
t:   -13.81  4.09863 -1.92697

Value 186: (gtsam::Pose3)
R: [
	-0.0508782, 0.955715, -0.289863;
	-0.994422, -0.0216287, 0.103234;
	0.0923925, 0.293498, 0.951484
]
t: -13.9643  2.36116 -1.82722

Value 187: (gtsam::Pose3)
R: [
	0.102891, 0.949921, -0.295064;
	-0.990754, 0.124242, 0.0544976;
	0.0884279, 0.286728, 0.953922
]
t: -13.8594 0.884326 -1.70795

Value 188: (gtsam::Pose3)
R: [
	0.2998, 0.908541, -0.290986;
	-0.951924, 0.305013, -0.0284183;
	0.0629353, 0.285516, 0.956305
]
t: -13.8234 -0.84917 -1.51569

Value 189: (gtsam::Pose3)
R: [
	0.382143, 0.877109, -0.290939;
	-0.921208, 0.386476, -0.0448616;
	0.0730922, 0.285159, 0.955689
]
t: -13.2486 -2.36588 -1.50161

Value 190: (gtsam::Pose3)
R: [
	0.484526, 0.840745, -0.241625;
	-0.871348, 0.488283, -0.0482955;
	0.0773771, 0.23394, 0.969167
]
t: -12.6019 -4.05723 -1.45493

Value 191: (gtsam::Pose3)
R: [
	0.593166, 0.771247, -0.230938;
	-0.79506, 0.606282, -0.0173613;
	0.126624, 0.193908, 0.972814
]
t: -11.7303  -5.6142  -1.2977

Value 192: (gtsam::Pose3)
R: [
	0.633819, 0.756294, -0.162151;
	-0.770863, 0.634873, -0.0520259;
	0.0635986, 0.157971, 0.985393
]
t: -10.6737 -6.99135 -1.17071

Value 193: (gtsam::Pose3)
R: [
	0.757377, 0.639697, -0.131025;
	-0.650898, 0.755612, -0.0733625;
	0.0520741, 0.140847, 0.988661
]
t:  -9.62358    -8.295 -0.916422

Value 194: (gtsam::Pose3)
R: [
	0.808911, 0.577353, -0.111023;
	-0.585076, 0.809086, -0.0553661;
	0.0578613, 0.109743, 0.992274
]
t:  -8.16337  -9.48233 -0.670136

Value 195: (gtsam::Pose3)
R: [
	0.860658, 0.480838, -0.167519;
	-0.493673, 0.868573, -0.0432225;
	0.12472, 0.119899, 0.984921
]
t:  -6.73831  -10.3734 -0.680352

Value 196: (gtsam::Pose3)
R: [
	0.956452, 0.27601, -0.0949638;
	-0.2823, 0.957413, -0.0605601;
	0.0742043, 0.0847312, 0.993637
]
t: -5.22579 -11.2351 -0.41938

Value 197: (gtsam::Pose3)
R: [
	0.95074, 0.2786, -0.135922;
	-0.293799, 0.949695, -0.108454;
	0.0988692, 0.143045, 0.984765
]
t:  -3.65899  -11.8367 -0.259706

Value 198: (gtsam::Pose3)
R: [
	0.992967, 0.0614507, -0.101196;
	-0.0753263, 0.987343, -0.139567;
	0.0913386, 0.146208, 0.985028
]
t:  -1.93364  -12.1159 -0.187842

Value 199: (gtsam::Pose3)
R: [
	0.9977, 0.0364103, -0.0571698;
	-0.0460823, 0.982913, -0.17821;
	0.0497043, 0.180434, 0.98233
]
t:  -0.170947   -12.2107 -0.0883219

Value 200: (gtsam::Pose3)
R: [
	0.991685, -0.127312, 0.0187825;
	0.128412, 0.969344, -0.20948;
	0.00846268, 0.210151, 0.977632
]
t:    1.73983    -12.005 -0.0107411

Value 201: (gtsam::Pose3)
R: [
	0.953908, -0.271169, 0.128556;
	0.285623, 0.951814, -0.111668;
	-0.0920806, 0.14324, 0.985395
]
t:      3.44541     -11.7796 -2.93565e-05

Value 202: (gtsam::Pose3)
R: [
	0.893684, -0.388737, 0.224082;
	0.427294, 0.889727, -0.16064;
	-0.136925, 0.23931, 0.96124
]
t:   5.16804  -11.0813 -0.171584

Value 203: (gtsam::Pose3)
R: [
	0.855561, -0.474215, 0.20769;
	0.502085, 0.857847, -0.10959;
	-0.126198, 0.198039, 0.972036
]
t:   6.77028  -10.3281 -0.586739

Value 204: (gtsam::Pose3)
R: [
	0.798379, -0.547015, 0.251725;
	0.582817, 0.807071, -0.0946639;
	-0.151377, 0.222287, 0.963158
]
t:    8.3867  -9.34975 -0.710456

Value 205: (gtsam::Pose3)
R: [
	0.693846, -0.687142, 0.215441;
	0.709249, 0.703865, -0.0392408;
	-0.124677, 0.180028, 0.975728
]
t:   9.55966  -8.30511 -0.972975

Value 206: (gtsam::Pose3)
R: [
	0.636607, -0.737074, 0.226832;
	0.765984, 0.638455, -0.0751307;
	-0.089445, 0.221578, 0.971032
]
t:  10.9123 -6.95419 -1.13678

Value 207: (gtsam::Pose3)
R: [
	0.504674, -0.82757, 0.245828;
	0.853433, 0.521196, 0.00252394;
	-0.130213, 0.208524, 0.96931
]
t:  12.1143 -5.42369 -1.32989

Value 208: (gtsam::Pose3)
R: [
	0.384529, -0.881021, 0.275571;
	0.914419, 0.404414, 0.0169709;
	-0.126397, 0.245462, 0.961131
]
t:   12.865 -3.92575  -1.6897

Value 209: (gtsam::Pose3)
R: [
	0.248478, -0.935937, 0.24956;
	0.96434, 0.263266, 0.0271826;
	-0.0911419, 0.233906, 0.967978
]
t:  13.4557 -2.24438 -1.88247

Value 210: (gtsam::Pose3)
R: [
	0.114504, -0.974838, 0.191258;
	0.985677, 0.13548, 0.100425;
	-0.12381, 0.17702, 0.976389
]
t:   13.9488 -0.513061  -2.15103

Value 211: (gtsam::Pose3)
R: [
	-0.053654, -0.972302, 0.227486;
	0.985232, -0.01445, 0.170613;
	-0.1626, 0.23328, 0.958719
]
t:  14.2352  1.22724 -2.39632

Value 212: (gtsam::Pose3)
R: [
	-0.191384, -0.955973, 0.222457;
	0.966501, -0.144062, 0.212418;
	-0.171019, 0.255658, 0.951521
]
t: 14.1598 3.05525 -2.5797

Value 213: (gtsam::Pose3)
R: [
	-0.271556, -0.937895, 0.215893;
	0.937292, -0.206798, 0.280567;
	-0.218496, 0.278544, 0.935239
]
t:  13.7486  4.94838 -3.02807

Value 214: (gtsam::Pose3)
R: [
	-0.342831, -0.900746, 0.26669;
	0.904949, -0.240497, 0.351038;
	-0.252058, 0.361688, 0.897579
]
t:  13.2749  6.60003 -3.36389

Value 215: (gtsam::Pose3)
R: [
	-0.486895, -0.851497, 0.194645;
	0.851815, -0.413587, 0.321492;
	-0.193246, 0.322334, 0.926691
]
t:  12.4992  8.28582 -3.83607

Value 216: (gtsam::Pose3)
R: [
	-0.590474, -0.784262, 0.190458;
	0.777162, -0.488907, 0.396219;
	-0.217623, 0.381973, 0.898185
]
t:  11.5411   9.7698 -4.27824

Value 217: (gtsam::Pose3)
R: [
	-0.668146, -0.720433, 0.185895;
	0.727542, -0.580311, 0.365954;
	-0.155769, 0.379757, 0.911878
]
t:  10.3262  11.1392 -4.67915

Value 218: (gtsam::Pose3)
R: [
	-0.761237, -0.63212, 0.144713;
	0.635966, -0.684111, 0.357127;
	-0.126747, 0.363891, 0.922778
]
t:  8.87809  12.5873 -4.95121

Value 219: (gtsam::Pose3)
R: [
	-0.852615, -0.463085, 0.242073;
	0.522494, -0.761648, 0.383266;
	0.00689002, 0.45326, 0.891352
]
t:  7.69021  13.6988 -5.17924

Value 220: (gtsam::Pose3)
R: [
	-0.864896, -0.442976, 0.236065;
	0.501635, -0.779463, 0.375232;
	0.0177847, 0.442955, 0.896367
]
t:  6.04754  14.6731 -5.14213

Value 221: (gtsam::Pose3)
R: [
	-0.900248, -0.378237, 0.215618;
	0.43411, -0.817596, 0.378267;
	0.0332137, 0.434136, 0.900235
]
t:  4.16844  15.6268 -5.08669

Value 222: (gtsam::Pose3)
R: [
	-0.94346, -0.284094, 0.170805;
	0.329714, -0.857477, 0.394996;
	0.0342456, 0.42898, 0.902665
]
t:  2.50125  16.3016 -4.94701

Value 223: (gtsam::Pose3)
R: [
	-0.984145, -0.115709, 0.134425;
	0.163112, -0.888116, 0.429704;
	0.0696644, 0.444817, 0.892908
]
t: 0.619657  16.7476 -4.73377

Value 224: (gtsam::Pose3)
R: [
	-0.988657, 0.0371169, 0.145529;
	0.0437055, -0.855942, 0.515222;
	0.143688, 0.515738, 0.844611
]
t: -1.35419  16.8564 -4.46028

Value 225: (gtsam::Pose3)
R: [
	-0.973332, 0.198962, 0.114191;
	-0.105176, -0.829413, 0.548646;
	0.203871, 0.522004, 0.82822
]
t: -3.14969  16.8973 -4.41958

Value 226: (gtsam::Pose3)
R: [
	-0.966459, 0.240206, 0.0908728;
	-0.145458, -0.803584, 0.577144;
	0.211657, 0.544568, 0.811571
]
t: -5.06736  16.7323 -4.01623

Value 227: (gtsam::Pose3)
R: [
	-0.919289, 0.380638, -0.100114;
	-0.365736, -0.732171, 0.574598;
	0.145413, 0.564837, 0.81229
]
t:  -6.9612  16.4095 -3.56367

Value 228: (gtsam::Pose3)
R: [
	-0.845263, 0.447088, -0.292647;
	-0.534117, -0.723093, 0.438012;
	-0.0157809, 0.526543, 0.850002
]
t: -8.78417  15.5907 -3.24409

Value 229: (gtsam::Pose3)
R: [
	-0.760971, 0.558842, -0.329575;
	-0.648784, -0.656907, 0.384126;
	-0.00183384, 0.506132, 0.862454
]
t: -10.363 14.4351 -3.3047

Value 230: (gtsam::Pose3)
R: [
	-0.676147, 0.666488, -0.314037;
	-0.736736, -0.607734, 0.296444;
	0.00672498, 0.431802, 0.901943
]
t: -11.8614  13.0273 -3.33262

Value 231: (gtsam::Pose3)
R: [
	-0.585264, 0.764633, -0.26982;
	-0.810489, -0.541835, 0.222537;
	0.0239614, 0.348929, 0.936843
]
t: -13.1953  11.7062 -3.38246

Value 232: (gtsam::Pose3)
R: [
	-0.517353, 0.797147, -0.311292;
	-0.855407, -0.471078, 0.215324;
	0.0250018, 0.37768, 0.925599
]
t: -14.5643  10.0066 -3.33716

Value 233: (gtsam::Pose3)
R: [
	-0.384058, 0.868607, -0.313083;
	-0.920851, -0.335618, 0.19848;
	0.0673249, 0.36453, 0.928754
]
t: -15.5129  8.35839 -3.19589

Value 234: (gtsam::Pose3)
R: [
	-0.238652, 0.915945, -0.32263;
	-0.969382, -0.204913, 0.135314;
	0.0578297, 0.345044, 0.936803
]
t: -16.1426  6.53144 -3.12357

Value 235: (gtsam::Pose3)
R: [
	-0.118187, 0.913012, -0.390437;
	-0.98758, -0.0670852, 0.142072;
	0.103521, 0.402379, 0.909602
]
t: -16.6659  4.37046 -3.00781

Value 236: (gtsam::Pose3)
R: [
	-0.0404874, 0.933913, -0.3552;
	-0.995749, -0.00827946, 0.0917312;
	0.0827281, 0.357405, 0.930278
]
t: -16.8339  2.36719 -2.75044

Value 237: (gtsam::Pose3)
R: [
	0.100135, 0.939676, -0.32708;
	-0.989016, 0.129924, 0.0704747;
	0.108719, 0.316431, 0.942365
]
t: -16.7026 0.365564 -2.54981

Value 238: (gtsam::Pose3)
R: [
	0.24043, 0.933526, -0.265936;
	-0.969289, 0.245494, -0.0145559;
	0.0516974, 0.261268, 0.963881
]
t: -16.4728 -1.76521 -2.45928

Value 239: (gtsam::Pose3)
R: [
	0.349259, 0.908271, -0.230352;
	-0.930204, 0.365687, 0.031521;
	0.112867, 0.203266, 0.972597
]
t: -16.0253 -3.53773  -2.4478

Value 240: (gtsam::Pose3)
R: [
	0.462053, 0.850592, -0.250998;
	-0.882849, 0.468022, -0.0391556;
	0.0841671, 0.239686, 0.967195
]
t: -15.0678 -5.58695 -2.15575

Value 241: (gtsam::Pose3)
R: [
	0.539094, 0.803419, -0.252776;
	-0.835184, 0.548712, -0.0371773;
	0.108832, 0.231156, 0.96681
]
t:  -14.253 -7.29805  -2.0027

Value 242: (gtsam::Pose3)
R: [
	0.681016, 0.6862, -0.25563;
	-0.722531, 0.686426, -0.0822656;
	0.119021, 0.240725, 0.963268
]
t: -13.0505 -8.91612 -1.86496

Value 243: (gtsam::Pose3)
R: [
	0.759075, 0.583891, -0.287883;
	-0.62678, 0.774997, -0.0807935;
	0.175934, 0.241768, 0.954251
]
t: -11.6233  -10.424 -1.53685

Value 244: (gtsam::Pose3)
R: [
	0.828641, 0.507954, -0.235238;
	-0.545734, 0.826603, -0.137482;
	0.124614, 0.242301, 0.962165
]
t: -10.0015 -11.8596 -1.10505

Value 245: (gtsam::Pose3)
R: [
	0.876492, 0.457764, -0.149042;
	-0.476984, 0.86767, -0.140124;
	0.0651758, 0.193908, 0.978852
]
t: -8.30243 -13.0375 -1.11034

Value 246: (gtsam::Pose3)
R: [
	0.933374, 0.339931, -0.11515;
	-0.355501, 0.919731, -0.166477;
	0.0493157, 0.196321, 0.979299
]
t: -6.29605 -14.1247 -1.14178

Value 247: (gtsam::Pose3)
R: [
	0.960785, 0.253032, -0.113435;
	-0.272202, 0.938657, -0.211728;
