step = 1000, Chi2 = 0.644579, graph_error = 1641.53
Nonlinear optimization exceed max iterations: 10 >= 10, chi2 = 0.575371
After relin
Values with 1001 values:
Value 0: (gtsam::Pose3)
R: [
	1, 7.15229e-11, -3.52173e-11;
	-7.15229e-11, 1, -1.24429e-10;
	3.52173e-11, 1.24429e-10, 1
]
t:  1.08796e-12  1.99646e-12 -2.73132e-13

Value 1: (gtsam::Pose3)
R: [
	0.978391, -0.206301, 0.0138362;
	0.205433, 0.977493, 0.0480163;
	-0.0234306, -0.0441363, 0.998751
]
t:   0.349929 -0.0694813  0.0576843

Value 2: (gtsam::Pose3)
R: [
	0.873186, -0.486887, 0.0220792;
	0.482695, 0.870161, 0.0991194;
	-0.0674725, -0.0758921, 0.994831
]
t:   0.561231  0.0425926 -0.0260898

Value 3: (gtsam::Pose3)
R: [
	0.822072, -0.569373, 0.00357997;
	0.564937, 0.81642, 0.119601;
	-0.0710206, -0.0962985, 0.992816
]
t:  0.691044 0.0458183 -0.252218

Value 4: (gtsam::Pose3)
R: [
	0.721183, -0.692339, -0.0236946;
	0.688084, 0.711951, 0.140237;
	-0.0802222, -0.117441, 0.989834
]
t:  0.801062  0.139128 -0.378807

Value 5: (gtsam::Pose3)
R: [
	0.68326, -0.729375, -0.0341756;
	0.72692, 0.675054, 0.126055;
	-0.0688709, -0.110971, 0.991434
]
t:   1.07363   0.27871 -0.467964

Value 6: (gtsam::Pose3)
R: [
	0.524362, -0.85064, -0.0381546;
	0.846683, 0.516118, 0.129419;
	-0.0903967, -0.100167, 0.990856
]
t:   1.20671  0.412416 -0.487808

Value 7: (gtsam::Pose3)
R: [
	0.40369, -0.912727, -0.0629616;
	0.903114, 0.386537, 0.187012;
	-0.146354, -0.132356, 0.980338
]
t:   1.48513  0.519237 -0.598583

Value 8: (gtsam::Pose3)
R: [
	0.273352, -0.961438, 0.030264;
	0.936835, 0.273231, 0.218367;
	-0.218215, -0.0313387, 0.975397
]
t:    1.7421  0.788104 -0.451543

Value 9: (gtsam::Pose3)
R: [
	0.155657, -0.986355, 0.0536263;
	0.956396, 0.164066, 0.24164;
	-0.247141, 0.0136751, 0.968883
]
t:   1.92463   1.01148 -0.543976

Value 10: (gtsam::Pose3)
R: [
	0.0454724, -0.997395, 0.056003;
	0.971126, 0.0572783, 0.231587;
	-0.234192, 0.0438551, 0.971201
]
t:    2.0661   1.38021 -0.740593

Value 11: (gtsam::Pose3)
R: [
	0.0435962, -0.998765, 0.023818;
	0.971447, 0.047945, 0.232362;
	-0.233217, 0.0130078, 0.972338
]
t:   2.07097   1.77915 -0.877519

Value 12: (gtsam::Pose3)
R: [
	-0.0271197, -0.999606, 0.00717441;
	0.965438, -0.0243303, 0.259496;
	-0.259219, 0.0139639, 0.965717
]
t:  2.05962  2.34518 -1.02799

Value 13: (gtsam::Pose3)
R: [
	-0.252992, -0.963814, 0.0840038;
	0.928745, -0.21763, 0.300116;
	-0.270975, 0.153945, 0.950197
]
t:   2.04135   2.44265 -0.971122

Value 14: (gtsam::Pose3)
R: [
	-0.427705, -0.903772, -0.0162731;
	0.850171, -0.408324, 0.332386;
	-0.307046, 0.128328, 0.943003
]
t:  1.99683  2.84769 -1.03918

Value 15: (gtsam::Pose3)
R: [
	-0.550377, -0.834635, 0.0216666;
	0.771266, -0.498309, 0.396027;
	-0.319741, 0.234675, 0.917983
]
t:  1.76261  3.07365 -1.22673

Value 16: (gtsam::Pose3)
R: [
	-0.605307, -0.795924, 0.0104037;
	0.727755, -0.548075, 0.412293;
	-0.322452, 0.257136, 0.910992
]
t:  1.68934  3.51456 -1.41831

Value 17: (gtsam::Pose3)
R: [
	-0.632102, -0.773998, 0.0370684;
	0.709556, -0.558923, 0.42911;
	-0.311412, 0.297543, 0.902491
]
t:  1.41807   3.8654 -1.62703

Value 18: (gtsam::Pose3)
R: [
	-0.71932, -0.694657, -0.00549011;
	0.635278, -0.66099, 0.399394;
	-0.28107, 0.283804, 0.916763
]
t: 0.978362  4.15267 -1.68258

Value 19: (gtsam::Pose3)
R: [
	-0.832125, -0.55458, -0.00319539;
	0.514175, -0.773633, 0.370292;
	-0.207828, 0.306486, 0.92891
]
t: 0.720346  4.30111 -1.77577

Value 20: (gtsam::Pose3)
R: [
	-0.900017, -0.431774, 0.0595006;
	0.423141, -0.832853, 0.356803;
	-0.104503, 0.346306, 0.932283
]
t: 0.408679  4.57182 -1.92393

Value 21: (gtsam::Pose3)
R: [
	-0.933691, -0.347637, 0.0858466;
	0.351994, -0.847048, 0.398259;
	-0.0657334, 0.402069, 0.913247
]
t: -0.15448  4.68566 -1.78625

Value 22: (gtsam::Pose3)
R: [
	-0.974907, -0.204768, 0.0873344;
	0.222612, -0.894761, 0.3871;
	-0.00112232, 0.396828, 0.917892
]
t: -0.513526   4.93412   -1.8836

Value 23: (gtsam::Pose3)
R: [
	-0.992438, -0.0730227, 0.0986658;
	0.104652, -0.923434, 0.369212;
	0.0641505, 0.376746, 0.924093
]
t: -0.91428  5.17854 -1.83091

Value 24: (gtsam::Pose3)
R: [
	-0.999749, -0.0220006, -0.00426511;
	0.0187314, -0.924837, 0.379902;
	-0.0123026, 0.379727, 0.925017
]
t: -1.31887  5.22711 -1.83747

Value 25: (gtsam::Pose3)
R: [
	-0.987952, 0.142145, -0.0611934;
	-0.154756, -0.90531, 0.395555;
	0.000827366, 0.40026, 0.916401
]
t: -1.87382  5.20258 -1.80333

Value 26: (gtsam::Pose3)
R: [
	-0.966337, 0.239055, -0.0951078;
	-0.256576, -0.868119, 0.424898;
	0.019009, 0.434997, 0.900231
]
t: -2.23927  5.18482 -1.76003

Value 27: (gtsam::Pose3)
R: [
	-0.9128, 0.395369, -0.10237;
	-0.400941, -0.819798, 0.408873;
	0.0777327, 0.414264, 0.906831
]
t: -2.80541  5.13635 -1.80052

Value 28: (gtsam::Pose3)
R: [
	-0.839559, 0.536975, -0.08246;
	-0.534081, -0.787999, 0.306293;
	0.0994934, 0.301191, 0.948359
]
t: -3.16492  4.86055 -1.86061

Value 29: (gtsam::Pose3)
R: [
	-0.769906, 0.633153, -0.0797641;
	-0.621027, -0.714598, 0.321986;
	0.146867, 0.297435, 0.943378
]
t: -3.43986  4.59881 -1.72475

Value 30: (gtsam::Pose3)
R: [
	-0.62998, 0.769204, -0.10701;
	-0.742959, -0.55681, 0.371448;
	0.226135, 0.313509, 0.922266
]
t: -3.83932  4.30321 -1.77371

Value 31: (gtsam::Pose3)
R: [
	-0.551587, 0.827678, -0.103449;
	-0.791128, -0.479818, 0.379329;
	0.264326, 0.291074, 0.919461
]
t: -4.21357   4.0078 -1.66779

Value 32: (gtsam::Pose3)
R: [
	-0.482849, 0.873829, -0.0572664;
	-0.823245, -0.430659, 0.369865;
	0.298536, 0.225733, 0.927319
]
t: -4.50146  3.77024 -1.61352

Value 33: (gtsam::Pose3)
R: [
	-0.417585, 0.906619, -0.0605343;
	-0.846897, -0.364207, 0.387451;
	0.329224, 0.21306, 0.919901
]
t: -4.98029  3.22178 -1.39066

Value 34: (gtsam::Pose3)
R: [
	-0.279125, 0.959819, -0.0289231;
	-0.871457, -0.240548, 0.427433;
	0.403301, 0.144512, 0.903584
]
t: -5.06103   2.7699 -1.20982

Value 35: (gtsam::Pose3)
R: [
	-0.141404, 0.989918, -0.00821968;
	-0.942524, -0.132086, 0.306922;
	0.302742, 0.0511474, 0.951699
]
t: -5.07773  2.34893 -1.20524

Value 36: (gtsam::Pose3)
R: [
	-0.0787494, 0.996555, 0.0259993;
	-0.955415, -0.0828919, 0.283391;
	0.28457, -0.00252329, 0.958652
]
t: -5.21106  1.66559 -1.29401

Value 37: (gtsam::Pose3)
R: [
	0.0340584, 0.999364, 0.0105549;
	-0.955033, 0.0294315, 0.295035;
	0.294537, -0.0201287, 0.955428
]
t: -5.16665  1.28845 -1.13119

Value 38: (gtsam::Pose3)
R: [
	0.229957, 0.972537, 0.0359307;
	-0.893484, 0.196343, 0.403902;
	0.385755, -0.124984, 0.914096
]
t: -5.22561 0.735693 -1.08067

Value 39: (gtsam::Pose3)
R: [
	0.296171, 0.954856, -0.0230905;
	-0.914759, 0.290523, 0.280734;
	0.274769, -0.062023, 0.959508
]
t:  -4.96082   0.21746 -0.720062

Value 40: (gtsam::Pose3)
R: [
	0.347097, 0.93536, -0.0680107;
	-0.901936, 0.352805, 0.249077;
	0.256971, -0.0251127, 0.966093
]
t:  -4.68398 -0.395979 -0.592148

Value 41: (gtsam::Pose3)
R: [
	0.474135, 0.879726, -0.0357377;
	-0.846561, 0.466662, 0.256049;
	0.24193, -0.0911477, 0.966003
]
t:  -4.44056 -0.922792 -0.467721

Value 42: (gtsam::Pose3)
R: [
	0.63072, 0.775436, -0.0298528;
	-0.741402, 0.613506, 0.271907;
	0.229161, -0.149364, 0.96186
]
t:  -3.97114  -1.47746 -0.420952

Value 43: (gtsam::Pose3)
R: [
	0.697548, 0.716492, 0.00807934;
	-0.690899, 0.669557, 0.272674;
	0.189959, -0.195785, 0.962073
]
t:   -3.5118  -1.79732 -0.338229

Value 44: (gtsam::Pose3)
R: [
	0.827277, 0.555935, -0.0809257;
	-0.523742, 0.815312, 0.246902;
	0.203241, -0.161872, 0.965656
]
t:  -3.12486  -2.19011 -0.346689

Value 45: (gtsam::Pose3)
R: [
	0.916416, 0.395018, -0.0643616;
	-0.370718, 0.898404, 0.235452;
	0.150831, -0.191912, 0.969752
]
t:   -2.8855  -2.56215 -0.455395

Value 46: (gtsam::Pose3)
R: [
	0.949665, 0.298385, -0.0954068;
	-0.275797, 0.940793, 0.197091;
	0.148567, -0.160857, 0.975732
]
t:  -2.39834  -2.82835 -0.288423

Value 47: (gtsam::Pose3)
R: [
	0.98311, 0.149897, -0.105;
	-0.12618, 0.970726, 0.204375;
	0.132561, -0.187674, 0.973245
]
t:  -1.85477  -3.09559 -0.218532

Value 48: (gtsam::Pose3)
R: [
	0.990879, -0.052521, -0.124096;
	0.0765736, 0.977242, 0.197826;
	0.110882, -0.205524, 0.97235
]
t:   -1.23033   -3.17439 -0.0748404

Value 49: (gtsam::Pose3)
R: [
	0.984746, -0.148299, -0.0910073;
	0.15792, 0.981347, 0.109636;
	0.0730508, -0.122335, 0.989797
]
t: -0.676852  -3.16887 0.0247954

Value 50: (gtsam::Pose3)
R: [
	0.985604, -0.167227, -0.0249048;
	0.168948, 0.979762, 0.10735;
	0.00644908, -0.110012, 0.993909
]
t:   0.121408   -3.01816 -0.0398624

Value 51: (gtsam::Pose3)
R: [
	0.912293, -0.408037, 0.0350378;
	0.403743, 0.910428, 0.0900673;
	-0.0686502, -0.0680215, 0.995319
]
t: 0.836693 -3.02919 0.112276

Value 52: (gtsam::Pose3)
R: [
	0.89811, -0.435792, 0.0590303;
	0.435499, 0.900001, 0.0184069;
	-0.0611489, 0.00917619, 0.998086
]
t:   1.80222   -2.6834 0.0906549

Value 53: (gtsam::Pose3)
R: [
	0.847683, -0.529607, 0.030817;
	0.524505, 0.845394, 0.101012;
	-0.0795492, -0.0694625, 0.994408
]
t:    2.31524   -2.44112 -0.0916527

Value 54: (gtsam::Pose3)
R: [
	0.780407, -0.625057, 0.0163907;
	0.619457, 0.776451, 0.115748;
	-0.0850758, -0.0801775, 0.993143
]
t:   2.84485  -2.06778 -0.107129

Value 55: (gtsam::Pose3)
R: [
	0.668676, -0.741888, 0.0497392;
	0.740748, 0.670467, 0.0420263;
	-0.0645273, 0.00874222, 0.997878
]
t:  3.36873 -1.72896   -0.209

Value 56: (gtsam::Pose3)
R: [
	0.57882, -0.815072, 0.0250104;
	0.81276, 0.579127, 0.0635008;
	-0.0662419, -0.0164281, 0.997668
]
t:    3.8808  -1.18232 -0.352759

Value 57: (gtsam::Pose3)
R: [
	0.496504, -0.862126, 0.101109;
	0.859787, 0.504457, 0.0793014;
	-0.119373, 0.0475585, 0.99171
]
t:   4.36616 -0.602929  -0.29984

Value 58: (gtsam::Pose3)
R: [
	0.375948, -0.918363, 0.123583;
	0.895368, 0.394371, 0.206852;
	-0.238703, 0.0328867, 0.970536
]
t:    4.67077 -0.0510969  -0.418591

Value 59: (gtsam::Pose3)
R: [
	0.265886, -0.955741, 0.12595;
	0.926537, 0.289433, 0.24033;
	-0.266147, 0.0527968, 0.962485
]
t:   4.88796  0.606911 -0.662006

Value 60: (gtsam::Pose3)
R: [
	0.121852, -0.982474, 0.141055;
	0.963531, 0.151201, 0.220787;
	-0.238245, 0.109007, 0.965068
]
t:   5.16873   1.27666 -0.920279

Value 61: (gtsam::Pose3)
R: [
	-0.0152825, -0.99706, 0.0750844;
	0.975577, 0.00158768, 0.21965;
	-0.219123, 0.0766074, 0.972685
]
t:  5.14503  1.74335 -1.10715

Value 62: (gtsam::Pose3)
R: [
	-0.0799391, -0.984825, 0.154046;
	0.972886, -0.0434366, 0.227168;
	-0.217029, 0.168029, 0.961595
]
t:  5.11266  2.55694 -1.24061

Value 63: (gtsam::Pose3)
R: [
	-0.155217, -0.97709, 0.145613;
	0.949085, -0.106591, 0.296439;
	-0.274126, 0.184212, 0.943886
]
t:  5.03102   3.2175 -1.50764

Value 64: (gtsam::Pose3)
R: [
	-0.32046, -0.940883, 0.109749;
	0.89127, -0.260245, 0.371363;
	-0.320848, 0.216823, 0.921979
]
t:  4.82642  3.85195 -1.64823

Value 65: (gtsam::Pose3)
R: [
	-0.357519, -0.929829, 0.0871656;
	0.865931, -0.295093, 0.403835;
	-0.349776, 0.219858, 0.91067
]
t:  4.42421  4.57691 -1.95384

Value 66: (gtsam::Pose3)
R: [
	-0.495082, -0.864484, 0.0869553;
	0.804414, -0.418244, 0.42189;
	-0.328348, 0.278818, 0.902468
]
t:  3.95838  5.07242 -2.21961

Value 67: (gtsam::Pose3)
R: [
	-0.669001, -0.733859, 0.11785;
	0.696195, -0.563183, 0.445127;
	-0.260289, 0.379837, 0.887679
]
t:  3.71951   5.6084 -2.46622

Value 68: (gtsam::Pose3)
R: [
	-0.74557, -0.656208, 0.116264;
	0.630108, -0.637319, 0.443609;
	-0.217002, 0.404, 0.888647
]
t:  3.05529  6.16424 -2.55207

Value 69: (gtsam::Pose3)
R: [
	-0.83369, -0.534176, 0.140059;
	0.535809, -0.721055, 0.439305;
	-0.133676, 0.441289, 0.887353
]
t:  2.33974  6.55052 -2.80651

Value 70: (gtsam::Pose3)
R: [
	-0.896913, -0.420788, 0.135956;
	0.436736, -0.794699, 0.421563;
	-0.0693442, 0.437483, 0.896549
]
t: 1.73096 6.88418 -3.0074

Value 71: (gtsam::Pose3)
R: [
	-0.956068, -0.293119, -0.00378304;
	0.261163, -0.857558, 0.443157;
	-0.133142, 0.4227, 0.896436
]
t: 0.897236  7.27175 -3.07447

Value 72: (gtsam::Pose3)
R: [
	-0.958321, -0.244002, 0.148606;
	0.28155, -0.894871, 0.346318;
	0.0484811, 0.373724, 0.926272
]
t: 0.132668  7.60152 -3.23856

Value 73: (gtsam::Pose3)
R: [
	-0.978622, -0.170388, 0.115186;
	0.201632, -0.905254, 0.373979;
	0.0405511, 0.389209, 0.920256
]
t: -0.814443   7.91227  -3.08241

Value 74: (gtsam::Pose3)
R: [
	-0.988833, 0.137512, 0.0574495;
	-0.106224, -0.920719, 0.375491;
	0.104529, 0.365196, 0.925044
]
t: -1.38278  7.98877 -3.05377

Value 75: (gtsam::Pose3)
R: [
	-0.989044, 0.145588, -0.0244207;
	-0.144762, -0.924119, 0.353622;
	0.0289155, 0.353283, 0.935069
]
t: -2.32356  7.89431 -3.14484

Value 76: (gtsam::Pose3)
R: [
	-0.96265, 0.259931, -0.0757735;
	-0.267981, -0.874802, 0.403618;
	0.0386258, 0.408848, 0.911785
]
t: -3.02647   7.8553 -3.12675

Value 77: (gtsam::Pose3)
R: [
	-0.911366, 0.395806, -0.112911;
	-0.404529, -0.810741, 0.423149;
	0.0759434, 0.43132, 0.898997
]
t: -3.98422  7.62021 -2.90089

Value 78: (gtsam::Pose3)
R: [
	-0.868419, 0.483877, -0.108216;
	-0.472435, -0.741246, 0.476822;
	0.150508, 0.465207, 0.872313
]
t:  -4.7075  7.31594 -2.80946

Value 79: (gtsam::Pose3)
R: [
	-0.821919, 0.554525, -0.130197;
	-0.554407, -0.726364, 0.406236;
	0.130698, 0.406075, 0.904445
]
t:  -5.3928  6.82466 -2.80759

Value 80: (gtsam::Pose3)
R: [
	-0.73698, 0.666971, -0.109588;
	-0.644218, -0.644058, 0.412519;
	0.204557, 0.374617, 0.904333
]
t:  -6.0743  6.20021 -2.75549

Value 81: (gtsam::Pose3)
R: [
	-0.626771, 0.769801, -0.120679;
	-0.741455, -0.541591, 0.396135;
	0.239586, 0.337765, 0.910227
]
t: -6.72221  5.50747  -2.6194

Value 82: (gtsam::Pose3)
R: [
	-0.487693, 0.870329, -0.0684354;
	-0.817903, -0.428089, 0.384414;
	0.30527, 0.24345, 0.920621
]
t: -7.17309  5.04343 -2.42896

Value 83: (gtsam::Pose3)
R: [
	-0.323487, 0.942266, -0.0865504;
	-0.885723, -0.269348, 0.378082;
	0.332942, 0.198964, 0.921717
]
t: -7.56682  4.39948  -2.1077

Value 84: (gtsam::Pose3)
R: [
	-0.225215, 0.968813, -0.103344;
	-0.915844, -0.174316, 0.361724;
	0.332428, 0.176113, 0.92654
]
t: -7.91016  3.51629 -1.81635

Value 85: (gtsam::Pose3)
R: [
	-0.142657, 0.986291, -0.0829418;
	-0.940725, -0.109059, 0.321159;
	0.307711, 0.123841, 0.943386
]
t: -8.16308  2.67687 -1.49037

Value 86: (gtsam::Pose3)
R: [
	-0.0151418, 0.995711, -0.0912677;
	-0.953966, 0.0129578, 0.299634;
	0.299532, 0.0916033, 0.949679
]
t: -8.23964  1.94292 -1.23398

Value 87: (gtsam::Pose3)
R: [
	0.11589, 0.989812, -0.0827158;
	-0.971604, 0.130265, 0.197528;
	0.20629, 0.0574754, 0.976801
]
t:  -8.29549   1.24055 -0.906503

Value 88: (gtsam::Pose3)
R: [
	0.260549, 0.962679, -0.0732282;
	-0.940255, 0.270234, 0.207107;
	0.219166, 0.0148917, 0.975574
]
t:  -8.03542  0.225836 -0.857179

Value 89: (gtsam::Pose3)
R: [
	0.313944, 0.938563, -0.143311;
	-0.929393, 0.334649, 0.155687;
	0.194081, 0.0843156, 0.977355
]
t:   -7.7404 -0.634095 -0.571027

Value 90: (gtsam::Pose3)
R: [
	0.412653, 0.90387, -0.112851;
	-0.885688, 0.427086, 0.182084;
	0.212777, 0.0248133, 0.976786
]
t:  -7.40749  -1.47432 -0.424462

Value 91: (gtsam::Pose3)
R: [
	0.597129, 0.795857, -0.10024;
	-0.77762, 0.604999, 0.171126;
	0.196837, -0.0242358, 0.980137
]
t:  -7.01039  -2.36094 -0.321077

Value 92: (gtsam::Pose3)
R: [
	0.655445, 0.735383, -0.172054;
	-0.722182, 0.676938, 0.142152;
	0.221006, 0.0310816, 0.974777
]
t:  -6.35119   -3.4096 -0.224111

Value 93: (gtsam::Pose3)
R: [
	0.690346, 0.69734, -0.192717;
	-0.685438, 0.715655, 0.134213;
	0.231511, 0.0394422, 0.972032
]
t:   -5.55529      -3.97 0.00518679

Value 94: (gtsam::Pose3)
R: [
	0.779777, 0.622331, -0.0681982;
	-0.609511, 0.77953, 0.144325;
	0.14298, -0.0709734, 0.987178
]
t:  -4.82476  -4.66865 0.0098109

Value 95: (gtsam::Pose3)
R: [
	0.887963, 0.448573, -0.101506;
	-0.434024, 0.890318, 0.137685;
	0.152134, -0.0782037, 0.985261
]
t: -4.09953 -5.26034 0.110277

Value 96: (gtsam::Pose3)
R: [
	0.947449, 0.314382, -0.0592027;
	-0.303275, 0.941569, 0.146536;
	0.101812, -0.120881, 0.987432
]
t: -3.17974 -5.66654 0.125288

Value 97: (gtsam::Pose3)
R: [
	0.97904, 0.193849, -0.0624764;
	-0.180814, 0.968459, 0.171444;
	0.0937402, -0.156554, 0.983211
]
t: -2.10647  -6.0685 0.255492

Value 98: (gtsam::Pose3)
R: [
	0.993952, 0.0382152, -0.102947;
	-0.0188903, 0.98302, 0.182522;
	0.108174, -0.179474, 0.977797
]
t: -1.14009 -6.17749 0.203254

Value 99: (gtsam::Pose3)
R: [
	0.995138, -0.0746319, -0.0642735;
	0.0833971, 0.985656, 0.146721;
	0.0524014, -0.151368, 0.987088
]
t: -0.162695  -6.18728  0.344019

Value 100: (gtsam::Pose3)
R: [
	0.978665, -0.201625, -0.0395214;
	0.204931, 0.971719, 0.117322;
	0.0147488, -0.122918, 0.992307
]
t: 0.902754 -5.97515 0.333944

Value 101: (gtsam::Pose3)
R: [
	0.94603, -0.323899, 0.0108142;
	0.318513, 0.935421, 0.153418;
	-0.0598078, -0.141694, 0.988102
]
t:  2.03868 -5.76505 0.166662

Value 102: (gtsam::Pose3)
R: [
	0.898643, -0.425834, 0.105387;
	0.418712, 0.904274, 0.0834827;
	-0.130848, -0.0308945, 0.990921
]
t:  2.98614 -5.45239 0.206596

Value 103: (gtsam::Pose3)
R: [
	0.868374, -0.485725, 0.0999879;
	0.482002, 0.874102, 0.0601565;
	-0.116619, -0.00404401, 0.993168
]
t:    3.93996   -5.05467 -0.0668125

Value 104: (gtsam::Pose3)
R: [
	0.788076, -0.611304, 0.0724115;
	0.609804, 0.791338, 0.0438598;
	-0.0841137, 0.00959194, 0.99641
]
t:    4.8126  -4.43788 0.0472134

Value 105: (gtsam::Pose3)
R: [
	0.748768, -0.660849, 0.0512393;
	0.657997, 0.750402, 0.0627422;
	-0.0799132, -0.013264, 0.996714
]
t:   5.62401  -3.73202 -0.242069

Value 106: (gtsam::Pose3)
R: [
	0.65457, -0.754244, 0.0515169;
	0.749458, 0.656342, 0.0867588;
	-0.09925, -0.0181799, 0.994896
]
t:   6.30344  -2.99089 -0.454201

Value 107: (gtsam::Pose3)
R: [
	0.510405, -0.853248, 0.107022;
	0.841114, 0.521248, 0.144319;
	-0.178925, 0.0163567, 0.983727
]
t:   6.90853  -2.15573 -0.591712

Value 108: (gtsam::Pose3)
R: [
	0.411596, -0.895655, 0.168495;
	0.886243, 0.436461, 0.155164;
	-0.212515, 0.0854626, 0.973413
]
t:   7.35386   -1.2897 -0.846694

Value 109: (gtsam::Pose3)
R: [
	0.232405, -0.951522, 0.201479;
	0.951715, 0.265195, 0.154632;
	-0.200567, 0.155813, 0.96721
]
t:   7.81076 -0.364201  -1.07183

Value 110: (gtsam::Pose3)
R: [
	0.15685, -0.969551, 0.188067;
	0.964676, 0.191213, 0.181215;
	-0.211658, 0.153, 0.965294
]
t:  8.10924 0.767964 -1.30705

Value 111: (gtsam::Pose3)
R: [
	-0.0820798, -0.97862, 0.18859;
	0.95961, -0.0265106, 0.280082;
	-0.269095, 0.203962, 0.941269
]
t:  8.18926  1.65183 -1.51778

Value 112: (gtsam::Pose3)
R: [
	-0.174437, -0.951533, 0.253293;
	0.971029, -0.123565, 0.204537;
	-0.163325, 0.281633, 0.94552
]
t:  8.21292  2.54837 -1.93467

Value 113: (gtsam::Pose3)
R: [
	-0.317603, -0.93556, 0.154456;
	0.921788, -0.26643, 0.281641;
	-0.222341, 0.231825, 0.947007
]
t:  8.05951  3.65671 -2.17981

Value 114: (gtsam::Pose3)
R: [
	-0.40912, -0.885265, 0.221192;
	0.874732, -0.311496, 0.371234;
	-0.25974, 0.345363, 0.901809
]
t:  7.71857  4.65086 -2.38756

Value 115: (gtsam::Pose3)
R: [
	-0.522506, -0.842207, 0.132946;
	0.811808, -0.44373, 0.379567;
	-0.260682, 0.306252, 0.915562
]
t:  7.19942  5.56488 -2.82118

Value 116: (gtsam::Pose3)
R: [
	-0.637113, -0.764022, 0.10177;
	0.721587, -0.544826, 0.427173;
	-0.270922, 0.345593, 0.898424
]
t:  6.59954  6.36948 -3.22248

Value 117: (gtsam::Pose3)
R: [
	-0.691094, -0.715462, 0.102488;
	0.674253, -0.587117, 0.44797;
	-0.260333, 0.378692, 0.888155
]
t: 5.99027 7.30519 -3.6347

Value 118: (gtsam::Pose3)
R: [
	-0.782675, -0.612575, 0.110325;
	0.577599, -0.648749, 0.495484;
	-0.231948, 0.451526, 0.861582
]
t:  5.07728  8.02516 -3.86339

Value 119: (gtsam::Pose3)
R: [
	-0.800912, -0.587495, 0.115714;
	0.564537, -0.676456, 0.472974;
	-0.199594, 0.444136, 0.873445
]
t:  4.02746  8.63692 -4.17333

Value 120: (gtsam::Pose3)
R: [
	-0.880807, -0.466974, 0.078199;
	0.451081, -0.777425, 0.438333;
	-0.143896, 0.421361, 0.895404
]
t:  3.08032  9.30802 -4.39348

Value 121: (gtsam::Pose3)
R: [
	-0.935103, -0.336481, 0.111184;
	0.348119, -0.813521, 0.465829;
	-0.0662918, 0.474303, 0.877862
]
t:   1.9712  9.84332 -4.53211

Value 122: (gtsam::Pose3)
R: [
	-0.963854, -0.197378, 0.17896;
	0.257095, -0.865271, 0.430358;
	0.0699052, 0.460813, 0.88474
]
t: 0.832545  10.3534 -4.52488

Value 123: (gtsam::Pose3)
R: [
	-0.990629, -0.0823884, 0.108933;
	0.126957, -0.849546, 0.51201;
	0.05036, 0.521042, 0.852044
]
t: -0.268717   10.5265  -4.29259

Value 124: (gtsam::Pose3)
R: [
	-0.998731, -0.0157742, 0.0478183;
	0.0387867, -0.846593, 0.530826;
	0.0321092, 0.532007, 0.846131
]
t: -1.67197  10.7085 -4.12872

Value 125: (gtsam::Pose3)
R: [
	-0.988833, 0.124269, -0.0822554;
	-0.147962, -0.88451, 0.442436;
	-0.0177745, 0.449666, 0.89302
]
t: -2.80535   10.719 -4.14085

Value 126: (gtsam::Pose3)
R: [
	-0.937078, 0.304398, -0.170959;
	-0.348864, -0.797648, 0.491987;
	0.0133946, 0.520672, 0.853652
]
t:  -3.9068  10.5873 -4.28613

Value 127: (gtsam::Pose3)
R: [
	-0.904662, 0.40238, -0.140273;
	-0.421394, -0.795811, 0.434871;
	0.0633521, 0.452521, 0.8895
]
t: -5.11028  10.0549 -4.27592

Value 128: (gtsam::Pose3)
R: [
	-0.817525, 0.57358, -0.0515632;
	-0.536809, -0.726559, 0.428892;
	0.20854, 0.378309, 0.901883
]
t: -6.10702  9.60828  -4.2989

Value 129: (gtsam::Pose3)
R: [
	-0.812244, 0.545642, -0.206241;
	-0.575797, -0.69339, 0.433207;
	0.0933709, 0.470623, 0.87738
]
t: -7.07272  8.99389 -3.99015

Value 130: (gtsam::Pose3)
R: [
	-0.702112, 0.694394, -0.157659;
	-0.690181, -0.609169, 0.390594;
	0.175186, 0.383054, 0.906962
]
t:  -7.9966  8.22647 -3.85747

Value 131: (gtsam::Pose3)
R: [
	-0.665399, 0.737446, -0.115836;
	-0.694988, -0.555352, 0.456702;
	0.272463, 0.384394, 0.882046
]
t: -8.94112  7.15002 -3.67372

Value 132: (gtsam::Pose3)
R: [
	-0.564076, 0.824348, -0.0476318;
	-0.765289, -0.500259, 0.405061;
	0.310083, 0.264937, 0.913048
]
t: -9.71672   6.3405 -3.32462

Value 133: (gtsam::Pose3)
R: [
	-0.44211, 0.884064, -0.151554;
	-0.811198, -0.321989, 0.48814;
	0.382748, 0.338752, 0.859506
]
t: -10.4107   5.1902 -2.88244

Value 134: (gtsam::Pose3)
R: [
	-0.29908, 0.927106, -0.225888;
	-0.909041, -0.204836, 0.362888;
	0.290165, 0.313874, 0.904039
]
t: -10.9875  4.16938 -2.38346

Value 135: (gtsam::Pose3)
R: [
	-0.116681, 0.939516, -0.322018;
	-0.939884, 0.000320074, 0.341495;
	0.320943, 0.342505, 0.882998
]
t: -11.0703   3.0224 -2.08812

Value 136: (gtsam::Pose3)
R: [
	-0.0421999, 0.979932, -0.194816;
	-0.949154, 0.0215651, 0.314074;
	0.311972, 0.198164, 0.929196
]
t: -11.2851  1.87069 -1.52786

Value 137: (gtsam::Pose3)
R: [
	0.107805, 0.971031, -0.213255;
	-0.975496, 0.144701, 0.16574;
	0.191797, 0.190161, 0.962836
]
t: -11.2109 0.856707 -1.10325

Value 138: (gtsam::Pose3)
R: [
	0.286917, 0.953011, -0.0972038;
	-0.952368, 0.294715, 0.0783508;
	0.103317, 0.0700936, 0.992176
]
t:  -11.1042 -0.479026  -1.05909

Value 139: (gtsam::Pose3)
R: [
	0.414762, 0.898092, -0.146295;
	-0.902067, 0.426919, 0.0633627;
	0.119362, 0.105688, 0.98721
]
t:   -10.696  -1.65726 -0.961344

Value 140: (gtsam::Pose3)
R: [
	0.52468, 0.834737, -0.16711;
	-0.837575, 0.541284, 0.0740288;
	0.152249, 0.101126, 0.983155
]
t:  -10.0755  -2.96175 -0.729382

Value 141: (gtsam::Pose3)
R: [
	0.601744, 0.794096, -0.0855268;
	-0.792094, 0.607077, 0.0635978;
	0.102424, 0.0294756, 0.994304
]
t:  -9.44646  -4.15142 -0.536947

Value 142: (gtsam::Pose3)
R: [
	0.689175, 0.719137, -0.0887672;
	-0.72221, 0.691664, -0.0037037;
	0.0587336, 0.0666611, 0.996046
]
t:  -8.64449  -5.24769 -0.366423

Value 143: (gtsam::Pose3)
R: [
	0.773667, 0.613258, -0.159227;
	-0.603349, 0.78981, 0.110319;
	0.193413, 0.0107194, 0.981059
]
t: -7.63355 -6.21855 -0.22135

Value 144: (gtsam::Pose3)
R: [
	0.876393, 0.471879, -0.0962533;
	-0.46194, 0.88018, 0.109058;
	0.136183, -0.0511146, 0.989364
]
t:  -6.60034  -7.16023 0.0408937

Value 145: (gtsam::Pose3)
R: [
	0.89707, 0.406873, -0.172395;
	-0.397963, 0.913453, 0.085028;
	0.19207, -0.00766937, 0.981351
]
t: -5.24197 -7.83383 0.267448

Value 146: (gtsam::Pose3)
R: [
	0.960377, 0.278286, -0.0152918;
	-0.271334, 0.946102, 0.176829;
	0.0636765, -0.165673, 0.984123
]
t: -4.10947 -8.62317 0.538203

Value 147: (gtsam::Pose3)
R: [
	0.974538, 0.224043, -0.00893633;
	-0.220574, 0.965085, 0.141273;
	0.0402755, -0.135705, 0.98993
]
t: -2.62698  -8.9862 0.622314

Value 148: (gtsam::Pose3)
R: [
	0.998026, 0.0474848, -0.0411122;
	-0.0438662, 0.995428, 0.0848449;
	0.0449531, -0.0828739, 0.995546
]
t: -1.41797 -9.26294 0.709431

Value 149: (gtsam::Pose3)
R: [
	0.999159, -0.0407797, 0.00431332;
	0.0400199, 0.992635, 0.114339;
	-0.00894426, -0.11407, 0.993432
]
t: -0.0121109   -9.24302    0.67541

Value 150: (gtsam::Pose3)
R: [
	0.984032, -0.17272, 0.042993;
	0.166596, 0.9788, 0.119152;
	-0.0626613, -0.110087, 0.991945
]
t:  1.45668 -8.99609 0.557435

Value 151: (gtsam::Pose3)
R: [
	0.961737, -0.267071, 0.0611179;
	0.255519, 0.954839, 0.151632;
	-0.0988542, -0.130213, 0.986546
]
t:  2.84747 -8.73607 0.425905

Value 152: (gtsam::Pose3)
R: [
	0.919249, -0.37108, 0.131454;
	0.357602, 0.926723, 0.115352;
	-0.164626, -0.0590293, 0.984588
]
t:  4.17857 -8.13734 0.201538

Value 153: (gtsam::Pose3)
R: [
	0.843201, -0.518082, 0.143539;
	0.518379, 0.854293, 0.0382934;
	-0.142464, 0.0421186, 0.988904
]
t:    5.44048    -7.6452 -0.0184194

Value 154: (gtsam::Pose3)
R: [
	0.774467, -0.61427, 0.151242;
	0.613539, 0.787599, 0.0570765;
	-0.154178, 0.0485888, 0.986848
]
t:   6.60755  -6.85217 -0.150084

Value 155: (gtsam::Pose3)
R: [
	0.706994, -0.696123, 0.124791;
	0.69812, 0.715161, 0.0342405;
	-0.113082, 0.0629116, 0.991592
]
t:  7.66274 -5.86122 -0.37741

Value 156: (gtsam::Pose3)
R: [
	0.591434, -0.7987, 0.110835;
	0.798283, 0.599355, 0.0593057;
	-0.113797, 0.0534021, 0.992068
]
t:   8.59827  -4.96117 -0.555133

Value 157: (gtsam::Pose3)
R: [
	0.394395, -0.885727, 0.244827;
	0.868412, 0.446366, 0.215913;
	-0.300522, 0.127456, 0.94522
]
t:   9.52068  -3.89865 -0.782982

Value 158: (gtsam::Pose3)
R: [
	0.393248, -0.897392, 0.200107;
	0.89206, 0.425105, 0.153342;
	-0.222675, 0.118206, 0.9677
]
t:  10.0903 -2.52843 -1.20942

Value 159: (gtsam::Pose3)
R: [
	0.262811, -0.937275, 0.229011;
	0.91365, 0.318044, 0.253163;
	-0.310119, 0.142702, 0.939927
]
t:  10.6209 -1.15511 -1.64805

Value 160: (gtsam::Pose3)
R: [
	0.136667, -0.96203, 0.236264;
	0.960822, 0.186785, 0.204772;
	-0.241128, 0.199022, 0.949867
]
t:  11.0926 0.180027 -1.82866

Value 161: (gtsam::Pose3)
R: [
	-0.0563023, -0.977949, 0.201113;
	0.942643, 0.0143126, 0.333495;
	-0.329019, 0.208354, 0.921051
]
t:  11.2177   1.5969 -2.12024

Value 162: (gtsam::Pose3)
R: [
	-0.146117, -0.980596, 0.130695;
	0.96185, -0.109934, 0.250519;
	-0.231291, 0.162314, 0.959249
]
t:  11.0532  2.84611 -2.69482

Value 163: (gtsam::Pose3)
R: [
	-0.294259, -0.948693, 0.115731;
	0.897666, -0.232786, 0.374176;
	-0.328037, 0.213992, 0.920108
]
t:  10.9651  4.34436 -3.08032

Value 164: (gtsam::Pose3)
R: [
	-0.418876, -0.898419, 0.131859;
	0.829252, -0.31931, 0.458675;
	-0.369978, 0.301472, 0.878767
]
t: 10.4041 5.61567 -3.4191

Value 165: (gtsam::Pose3)
R: [
	-0.554483, -0.82995, 0.061091;
	0.770154, -0.483948, 0.41552;
	-0.315296, 0.277448, 0.90753
]
t:  9.77432  6.86283 -3.94938

Value 166: (gtsam::Pose3)
R: [
	-0.643032, -0.74774, 0.165512;
	0.709472, -0.500247, 0.496389;
	-0.288373, 0.436621, 0.852176
]
t:   9.0368  7.96877 -4.45114

Value 167: (gtsam::Pose3)
R: [
	-0.706326, -0.685914, 0.175;
	0.690882, -0.614102, 0.381524;
	-0.154225, 0.390385, 0.907642
]
t:  8.07045  9.00835 -4.98245

Value 168: (gtsam::Pose3)
R: [
	-0.847509, -0.522607, 0.0927974;
	0.497448, -0.72107, 0.48229;
	-0.185135, 0.454907, 0.871082
]
t:  6.89993  9.96367 -5.41832

Value 169: (gtsam::Pose3)
R: [
	-0.832658, -0.550644, 0.058927;
	0.514107, -0.729053, 0.451858;
	-0.205852, 0.406538, 0.890141
]
t:  5.72261   10.828 -5.58827

Value 170: (gtsam::Pose3)
R: [
	-0.898851, -0.412831, 0.147095;
	0.427071, -0.749768, 0.505429;
	-0.0983695, 0.517125, 0.850238
]
t:  4.39778  11.6523 -5.84544

Value 171: (gtsam::Pose3)
R: [
	-0.952175, -0.25711, 0.165096;
	0.305551, -0.802757, 0.512074;
	0.000872761, 0.538029, 0.842926
]
t:   2.9705  12.2741 -6.07884

Value 172: (gtsam::Pose3)
R: [
	-0.967338, -0.188342, 0.169658;
	0.249142, -0.829814, 0.499336;
	0.046739, 0.525296, 0.849635
]
t:  1.42567  12.7923 -6.09093

Value 173: (gtsam::Pose3)
R: [
	-0.97517, -0.0766608, 0.207765;
	0.162243, -0.885868, 0.434643;
	0.150732, 0.457559, 0.87631
]
t: -0.0222568    13.1108   -5.99011

Value 174: (gtsam::Pose3)
R: [
	-0.999688, 0.0195867, 0.015495;
	-0.00968767, -0.87597, 0.482269;
	0.0230192, 0.481968, 0.875886
]
t: -1.53911  13.2676 -5.79302

Value 175: (gtsam::Pose3)
R: [
	-0.983581, 0.116439, -0.137879;
	-0.166822, -0.878064, 0.448525;
	-0.068841, 0.464162, 0.883071
]
t: -3.19265  13.2884 -5.75717

Value 176: (gtsam::Pose3)
R: [
	-0.963512, 0.248979, -0.0982577;
	-0.267536, -0.884358, 0.382538;
	0.00834889, 0.394867, 0.9187
]
t: -4.74372  12.9245 -5.90876

Value 177: (gtsam::Pose3)
R: [
	-0.939363, 0.331332, -0.0884059;
	-0.330111, -0.803889, 0.494762;
	0.0928617, 0.493945, 0.86452
]
t: -6.16044   12.445 -5.78522

Value 178: (gtsam::Pose3)
R: [
	-0.814902, 0.540178, -0.210103;
	-0.578081, -0.731269, 0.362032;
	0.0419198, 0.416477, 0.908179
]
t:  -7.6972  11.9561 -5.63714

Value 179: (gtsam::Pose3)
R: [
	-0.767963, 0.62824, -0.124691;
	-0.623511, -0.688763, 0.369918;
	0.146515, 0.36183, 0.920659
]
t: -8.63295  10.9517  -5.5071

Value 180: (gtsam::Pose3)
R: [
	-0.714442, 0.68598, -0.137854;
	-0.675577, -0.625015, 0.39109;
	0.182119, 0.372543, 0.90997
]
t: -10.0635  9.90916 -5.19752

Value 181: (gtsam::Pose3)
R: [
	-0.647165, 0.761485, -0.0363056;
	-0.691378, -0.566185, 0.44881;
	0.321207, 0.315555, 0.892889
]
t: -11.1334  8.87087 -4.91722

Value 182: (gtsam::Pose3)
R: [
	-0.5646, 0.819453, -0.0986065;
	-0.762177, -0.471797, 0.443276;
	0.316721, 0.325429, 0.890945
]
t: -12.2836  7.68814 -4.30577

Value 183: (gtsam::Pose3)
R: [
	-0.42936, 0.892708, -0.136832;
	-0.841058, -0.340033, 0.420711;
	0.329045, 0.29572, 0.896816
]
t: -13.1682   6.3359  -3.8605

Value 184: (gtsam::Pose3)
R: [
	-0.242004, 0.949344, -0.200449;
	-0.931442, -0.169445, 0.322031;
	0.271753, 0.264639, 0.925266
]
t:  -13.674  5.02956 -3.26512

Value 185: (gtsam::Pose3)
R: [
	-0.0868987, 0.959376, -0.268416;
	-0.957138, -0.00567737, 0.289578;
	0.27629, 0.282075, 0.918748
]
t: -14.0124  3.36545 -2.78707

Value 186: (gtsam::Pose3)
R: [
	-0.0778583, 0.954542, -0.287729;
	-0.950614, 0.0158965, 0.309968;
	0.300452, 0.297653, 0.906163
]
t: -14.1741  1.66049 -2.30109

Value 187: (gtsam::Pose3)
R: [
	0.110899, 0.946005, -0.304592;
	-0.970734, 0.1688, 0.170826;
	0.213017, 0.276734, 0.937039
]
t: -14.1032 0.316194 -1.87512

Value 188: (gtsam::Pose3)
R: [
	0.347187, 0.890734, -0.293349;
	-0.92693, 0.373423, 0.0368257;
	0.142345, 0.259129, 0.955296
]
t: -14.0399    -1.27 -1.47535

Value 189: (gtsam::Pose3)
R: [
	0.400666, 0.893363, -0.203395;
	-0.905556, 0.419898, 0.0604542;
	0.139413, 0.159964, 0.977229
]
t: -13.3882  -2.7676 -1.37384

Value 190: (gtsam::Pose3)
R: [
	0.517542, 0.827259, -0.218616;
	-0.845517, 0.533653, 0.0177412;
	0.131342, 0.175662, 0.97565
]
t: -12.7187 -4.48416  -1.1206

Value 191: (gtsam::Pose3)
R: [
	0.609809, 0.770718, -0.184735;
	-0.781492, 0.623537, 0.0217088;
	0.131921, 0.131131, 0.982549
]
t:  -11.8686  -6.03154 -0.789235

Value 192: (gtsam::Pose3)
R: [
	0.658452, 0.734417, -0.164541;
	-0.740704, 0.671102, 0.0313025;
	0.133413, 0.101265, 0.985873
]
t:  -10.6861  -7.40424 -0.667825

Value 193: (gtsam::Pose3)
R: [
	0.780342, 0.618704, -0.0909471;
	-0.621751, 0.783186, -0.00680049;
	0.067021, 0.0618531, 0.995833
]
t:  -9.50206  -8.65422 -0.327864

Value 194: (gtsam::Pose3)
R: [
	0.832986, 0.533225, -0.14767;
	-0.544211, 0.837754, -0.0447543;
	0.0998468, 0.117643, 0.988024
]
t:   -7.95436   -9.73367 0.00851517

Value 195: (gtsam::Pose3)
R: [
	0.810731, 0.493459, -0.314982;
	-0.507089, 0.860802, 0.0433615;
	0.292534, 0.124569, 0.948107
]
t: -6.33017 -10.6555 0.213553

Value 196: (gtsam::Pose3)
R: [
	0.962662, 0.250284, -0.10315;
	-0.250361, 0.968073, 0.0124042;
	0.102961, 0.0138836, 0.994589
]
t: -4.97979 -11.4761 0.719583

Value 197: (gtsam::Pose3)
R: [
	0.965763, 0.246271, -0.0815609;
	-0.248197, 0.968605, -0.0142189;
	0.0754986, 0.0339752, 0.996567
]
t: -3.36881 -12.0463 0.930556

Value 198: (gtsam::Pose3)
R: [
	0.996615, 0.0194385, -0.0798749;
	-0.0218493, 0.999328, -0.0294199;
	0.0792494, 0.0310655, 0.996371
]
t: -1.63014  -12.231 0.916294

Value 199: (gtsam::Pose3)
R: [
	0.999881, 0.00159148, 0.0153476;
	-0.00133005, 0.999854, -0.0170292;
	-0.0153724, 0.0170067, 0.999737
]
t: 0.155054 -12.2418 0.898551

Value 200: (gtsam::Pose3)
R: [
	0.983561, -0.165808, 0.071528;
	0.166674, 0.985992, -0.00627157;
	-0.0694861, 0.0180903, 0.997419
]
t:  2.04186 -11.9686 0.762559

Value 201: (gtsam::Pose3)
R: [
	0.940414, -0.317966, 0.120498;
	0.305316, 0.945595, 0.112397;
	-0.149681, -0.0689101, 0.98633
]
t:  3.72557 -11.6823 0.636875

Value 202: (gtsam::Pose3)
R: [
	0.888252, -0.428428, 0.165702;
	0.434624, 0.900611, -0.00126313;
	-0.148692, 0.0731401, 0.986175
]
t:  5.41714 -10.9643 0.323259

Value 203: (gtsam::Pose3)
R: [
	0.845961, -0.508895, 0.1593;
	0.506414, 0.860276, 0.0589059;
	-0.167019, 0.0308397, 0.985471
]
t:    7.0249  -10.2142 -0.114121

Value 204: (gtsam::Pose3)
R: [
	0.797366, -0.585185, 0.147534;
	0.58707, 0.808776, 0.0350706;
	-0.139845, 0.0586487, 0.988435
]
t:   8.60992  -9.20775 -0.337683

Value 205: (gtsam::Pose3)
R: [
	0.683961, -0.709363, 0.170297;
	0.711093, 0.700401, 0.061531;
	-0.162924, 0.079012, 0.98347
]
t:   9.76449   -8.1578 -0.608422

Value 206: (gtsam::Pose3)
R: [
	0.632213, -0.749851, 0.195015;
	0.761703, 0.647595, 0.0207237;
	-0.141831, 0.135442, 0.980581
]
t:   11.0844  -6.76912 -0.858967

Value 207: (gtsam::Pose3)
R: [
	0.47119, -0.823598, 0.3157;
	0.849969, 0.519607, 0.0869529;
	-0.235654, 0.227364, 0.944867
]
t:  12.2714 -5.25373 -1.11868

Value 208: (gtsam::Pose3)
R: [
	0.33236, -0.865519, 0.374718;
	0.906218, 0.403154, 0.127422;
	-0.261355, 0.297226, 0.918341
]
t:  12.9654 -3.78249   -1.648

Value 209: (gtsam::Pose3)
R: [
	0.218187, -0.945746, 0.240748;
	0.952211, 0.260341, 0.159739;
	-0.213749, 0.19439, 0.957353
]
t:  13.5076 -2.10567 -2.11377

Value 210: (gtsam::Pose3)
R: [
	0.104877, -0.972454, 0.208167;
	0.980035, 0.136617, 0.144457;
	-0.168917, 0.188861, 0.967367
]
t:   13.9509 -0.374084  -2.56628

Value 211: (gtsam::Pose3)
R: [
	-0.083138, -0.968552, 0.23451;
	0.968001, -0.0225764, 0.24993;
	-0.236776, 0.247785, 0.939436
]
t: 14.2482 1.34583 -2.8896

Value 212: (gtsam::Pose3)
R: [
	-0.199046, -0.957115, 0.210501;
	0.955622, -0.141964, 0.258132;
	-0.217178, 0.25254, 0.942898
]
t:  14.0869  3.15793 -3.21218

Value 213: (gtsam::Pose3)
R: [
	-0.295279, -0.933108, 0.205232;
	0.909211, -0.208451, 0.360392;
	-0.293504, 0.293016, 0.909943
]
t:  13.6991  5.03352 -3.76203

Value 214: (gtsam::Pose3)
R: [
	-0.380278, -0.90067, 0.210197;
	0.8373, -0.23873, 0.49187;
	-0.392832, 0.363045, 0.844915
]
t:  13.1581  6.64961 -4.23234

Value 215: (gtsam::Pose3)
R: [
	-0.532127, -0.843903, 0.0683226;
	0.749337, -0.431857, 0.501989;
	-0.394125, 0.318319, 0.862171
]
t:  12.2641  8.18765 -4.98132

Value 216: (gtsam::Pose3)
R: [
	-0.605793, -0.788582, 0.105603;
	0.730073, -0.498208, 0.467742;
	-0.316241, 0.360453, 0.877534
]
t:  11.2468  9.46172 -5.81257

Value 217: (gtsam::Pose3)
R: [
	-0.695387, -0.705962, 0.134369;
	0.684546, -0.593814, 0.422826;
	-0.218709, 0.386009, 0.896194
]
t:  10.0045  10.7312 -6.38155

Value 218: (gtsam::Pose3)
R: [
	-0.78749, -0.614007, 0.0534351;
	0.564726, -0.684113, 0.461599;
	-0.24687, 0.393681, 0.885478
]
t: 8.51519 12.0745 -6.7955

Value 219: (gtsam::Pose3)
R: [
	-0.877552, -0.46107, 0.131595;
	0.449281, -0.694836, 0.56156;
	-0.167482, 0.551921, 0.816905
]
t:    7.295   13.146 -7.23013

Value 220: (gtsam::Pose3)
R: [
	-0.897904, -0.397756, 0.18857;
	0.436669, -0.750768, 0.495648;
	-0.0555746, 0.527387, 0.847805
]
t: 5.78378 13.9359 -7.4533

Value 221: (gtsam::Pose3)
R: [
	-0.917875, -0.363747, 0.158727;
	0.393561, -0.782715, 0.482148;
	-0.0511418, 0.505021, 0.861591
]
t:  3.87074   14.729 -7.58116

Value 222: (gtsam::Pose3)
R: [
	-0.945947, -0.271353, 0.17763;
	0.32169, -0.854667, 0.407506;
	0.0412363, 0.44262, 0.895761
]
t:  1.97024  15.3485 -7.61532

Value 223: (gtsam::Pose3)
R: [
	-0.987939, -0.110853, 0.108116;
	0.147414, -0.88703, 0.437547;
	0.0473988, 0.448207, 0.892672
]
t: 0.310412  15.6913 -7.45858

Value 224: (gtsam::Pose3)
R: [
	-0.999164, 0.0407971, -0.00246764;
	-0.0368001, -0.871719, 0.488622;
	0.0177833, 0.488304, 0.872492
]
t: -1.85419  15.8369 -7.23918

Value 225: (gtsam::Pose3)
R: [
	-0.971572, 0.234972, -0.0289209;
	-0.226662, -0.887952, 0.400208;
	0.0683573, 0.395386, 0.915968
]
t: -3.52061  15.9452 -7.43606

Value 226: (gtsam::Pose3)
R: [
	-0.966214, 0.209083, -0.150715;
	-0.253795, -0.873742, 0.414925;
	-0.0449319, 0.439157, 0.897286
]
t: -5.55388  15.5238 -7.23164

Value 227: (gtsam::Pose3)
R: [
	-0.929392, 0.366027, -0.0474912;
	-0.35295, -0.84371, 0.404449;
	0.10797, 0.392654, 0.913327
]
t: -7.30651  14.9233 -7.31586

Value 228: (gtsam::Pose3)
R: [
	-0.849521, 0.526132, 0.0387242;
	-0.476483, -0.796717, 0.371761;
	0.226447, 0.297367, 0.927521
]
t: -9.01729  14.0729 -7.07258

Value 229: (gtsam::Pose3)
R: [
	-0.772014, 0.628033, -0.0978211;
	-0.603223, -0.675455, 0.424126;
	0.200291, 0.386439, 0.900305
]
t: -10.6178  13.0306 -6.70875

Value 230: (gtsam::Pose3)
R: [
	-0.683373, 0.709299, -0.172905;
	-0.703978, -0.577452, 0.413478;
	0.193435, 0.404281, 0.893946
]
t: -12.1692  11.7075  -6.3349

Value 231: (gtsam::Pose3)
R: [
	-0.605201, 0.795148, -0.0383595;
	-0.71067, -0.517934, 0.476122;
	0.35872, 0.31541, 0.878542
]
t: -13.4318  10.4084 -6.08177

Value 232: (gtsam::Pose3)
R: [
	-0.567998, 0.807481, -0.159223;
	-0.7867, -0.475826, 0.393309;
	0.241827, 0.348659, 0.905514
]
t: -14.8929  8.91268   -5.294

Value 233: (gtsam::Pose3)
R: [
	-0.380277, 0.891275, -0.247019;
	-0.889067, -0.278679, 0.363178;
	0.254852, 0.357724, 0.898378
]
t: -15.8455  7.44316 -4.75427

Value 234: (gtsam::Pose3)
R: [
	-0.225455, 0.935468, -0.272156;
	-0.951585, -0.151533, 0.267439;
	0.20894, 0.319275, 0.924342
]
t: -16.4753  5.68781 -4.32484

Value 235: (gtsam::Pose3)
R: [
	-0.102974, 0.947569, -0.302504;
	-0.960633, -0.0158464, 0.277368;
	0.258031, 0.319157, 0.911898
]
t: -16.9682   3.4276 -3.89247

Value 236: (gtsam::Pose3)
R: [
	-0.0265793, 0.940429, -0.338949;
	-0.968903, 0.0592075, 0.240252;
	0.246008, 0.334795, 0.909611
]
t: -17.0895  1.48791 -3.29502

Value 237: (gtsam::Pose3)
R: [
	0.104272, 0.927925, -0.357885;
	-0.955743, 0.193028, 0.222024;
	0.275103, 0.318895, 0.906986
]
t:  -16.9355 -0.533445  -2.73695

Value 238: (gtsam::Pose3)
R: [
	0.299784, 0.910032, -0.286306;
	-0.933429, 0.341794, 0.109029;
	0.197077, 0.234562, 0.951915
]
t: -16.7347 -2.55482 -2.31187

Value 239: (gtsam::Pose3)
R: [
	0.387277, 0.903126, -0.185417;
	-0.903661, 0.411707, 0.117877;
	0.182796, 0.121903, 0.975564
]
t: -16.1982 -4.39848 -1.98974

Value 240: (gtsam::Pose3)
R: [
	0.499398, 0.837799, -0.220669;
	-0.85571, 0.516821, 0.0256121;
	0.135504, 0.176038, 0.975012
]
t:  -15.121 -6.35872 -1.59012

Value 241: (gtsam::Pose3)
R: [
	0.58026, 0.776351, -0.246125;
	-0.800797, 0.598934, 0.00127214;
	0.1484, 0.196358, 0.969237
]
t:  -14.194 -8.02677 -1.31177

Value 242: (gtsam::Pose3)
R: [
	0.737026, 0.635497, -0.230079;
	-0.661675, 0.747846, -0.0539707;
	0.137766, 0.192015, 0.971674
]
t: -12.9416  -9.5331 -1.14365

Value 243: (gtsam::Pose3)
R: [
	0.810213, 0.545722, -0.213873;
	-0.564259, 0.824953, -0.0326145;
	0.158637, 0.147105, 0.976317
]
t:  -11.3818  -10.9127 -0.767099

Value 244: (gtsam::Pose3)
R: [
	0.836592, 0.489266, -0.246438;
	-0.504287, 0.863533, 0.00249517;
	0.214028, 0.122188, 0.969155
]
t:  -9.62699  -12.2363 -0.393428

Value 245: (gtsam::Pose3)
R: [
	0.865944, 0.438487, -0.240561;
	-0.444209, 0.895318, 0.0329429;
	0.229824, 0.0783326, 0.970075
]
t:  -7.89149   -13.388 -0.174797

Value 246: (gtsam::Pose3)
R: [
	0.939243, 0.309587, -0.14825;
	-0.321196, 0.945014, -0.0614961;
	0.12106, 0.105377, 0.987036
]
t: -5.90712 -14.4623 0.212904

Value 247: (gtsam::Pose3)
R: [
	0.967061, 0.217865, -0.131637;
	-0.232606, 0.9664, -0.109386;
	0.103383, 0.136402, 0.985244
]
t: -3.95158 -14.9364 0.529253

Value 248: (gtsam::Pose3)
R: [
