step = 500, Chi2 = 0.278597, graph_error = 376.941
Before relin
Values with 501 values:
Value 0: (gtsam::Pose3)
R: [
	1, -2.60786e-12, 1.70109e-11;
	2.60786e-12, 1, 4.0736e-12;
	-1.70109e-11, -4.0736e-12, 1
]
t: 2.89117e-13 5.68647e-13 5.74291e-13

Value 1: (gtsam::Pose3)
R: [
	0.978414, -0.206391, 0.0104128;
	0.205703, 0.977504, 0.046609;
	-0.0197982, -0.0434609, 0.998859
]
t:    0.34997 -0.0688004  0.0574047

Value 2: (gtsam::Pose3)
R: [
	0.873478, -0.486652, 0.0143505;
	0.48322, 0.870165, 0.0964947;
	-0.0594466, -0.0773516, 0.99523
]
t:   0.561626  0.0443975 -0.0259172

Value 3: (gtsam::Pose3)
R: [
	0.822512, -0.568721, -0.00547901;
	0.565438, 0.816651, 0.115586;
	-0.061262, -0.0981693, 0.993282
]
t:  0.694043 0.0477285 -0.251053

Value 4: (gtsam::Pose3)
R: [
	0.721798, -0.691303, -0.0332876;
	0.688555, 0.712401, 0.135562;
	-0.07, -0.120768, 0.99021
]
t:  0.805979  0.141103 -0.376284

Value 5: (gtsam::Pose3)
R: [
	0.684463, -0.727721, -0.0439603;
	0.72673, 0.676242, 0.120666;
	-0.0580832, -0.114539, 0.991719
]
t:   1.07985  0.280705 -0.462487

Value 6: (gtsam::Pose3)
R: [
	0.526074, -0.849055, -0.0484883;
	0.846704, 0.517574, 0.12333;
	-0.0796178, -0.105936, 0.99118
]
t:   1.21298  0.414398 -0.481007

Value 7: (gtsam::Pose3)
R: [
	0.406111, -0.910849, -0.0736707;
	0.903785, 0.388426, 0.179717;
	-0.135079, -0.139567, 0.980956
]
t:   1.49224  0.522076 -0.588308

Value 8: (gtsam::Pose3)
R: [
	0.277129, -0.960645, 0.0189743;
	0.938771, 0.274921, 0.20767;
	-0.204713, -0.0397388, 0.978015
]
t:   1.74745  0.790102 -0.436691

Value 9: (gtsam::Pose3)
R: [
	0.160521, -0.986178, 0.0410606;
	0.959728, 0.165663, 0.226886;
	-0.230552, 0.00298694, 0.973055
]
t:   1.93064   1.01488 -0.524952

Value 10: (gtsam::Pose3)
R: [
	0.0492371, -0.997975, 0.0402714;
	0.973786, 0.0569305, 0.220226;
	-0.222073, 0.0283725, 0.974617
]
t:   2.07448   1.38681 -0.715528

Value 11: (gtsam::Pose3)
R: [
	0.0433304, -0.99905, 0.00456576;
	0.970319, 0.0431717, 0.237945;
	-0.237916, -0.00588, 0.971268
]
t:   2.08344   1.78814 -0.851193

Value 12: (gtsam::Pose3)
R: [
	-0.0258992, -0.999605, -0.0109068;
	0.959952, -0.0279135, 0.27877;
	-0.278964, -0.00325006, 0.960296
]
t:  2.07606  2.35289 -1.00588

Value 13: (gtsam::Pose3)
R: [
	-0.251856, -0.96564, 0.0640993;
	0.917148, -0.217019, 0.33428;
	-0.308884, 0.142979, 0.940291
]
t:   2.05897   2.45215 -0.953237

Value 14: (gtsam::Pose3)
R: [
	-0.425705, -0.90335, -0.0522878;
	0.829806, -0.412784, 0.375541;
	-0.360829, 0.116481, 0.925329
]
t:  2.00663  2.86003 -1.05243

Value 15: (gtsam::Pose3)
R: [
	-0.550132, -0.834962, -0.0138884;
	0.74781, -0.499976, 0.436811;
	-0.371664, 0.229918, 0.899446
]
t:  1.78198  3.06653 -1.25216

Value 16: (gtsam::Pose3)
R: [
	-0.604146, -0.796291, -0.030473;
	0.697509, -0.546918, 0.462993;
	-0.385343, 0.25846, 0.885838
]
t:  1.71188  3.49937 -1.46293

Value 17: (gtsam::Pose3)
R: [
	-0.632181, -0.774787, -0.00724269;
	0.674181, -0.554651, 0.487691;
	-0.381874, 0.303426, 0.872986
]
t:  1.44575  3.83457 -1.70021

Value 18: (gtsam::Pose3)
R: [
	-0.719931, -0.692074, -0.0522831;
	0.596267, -0.6553, 0.463733;
	-0.355198, 0.302681, 0.884431
]
t:  1.00497  4.10995 -1.79154

Value 19: (gtsam::Pose3)
R: [
	-0.834433, -0.54887, -0.0496353;
	0.475782, -0.762903, 0.437733;
	-0.278125, 0.341643, 0.897734
]
t: 0.751173  4.24323 -1.90414

Value 20: (gtsam::Pose3)
R: [
	-0.90409, -0.426867, 0.0201258;
	0.393573, -0.813376, 0.428392;
	-0.166496, 0.395226, 0.903369
]
t: 0.447659  4.49517 -2.08063

Value 21: (gtsam::Pose3)
R: [
	-0.939346, -0.340037, 0.0447677;
	0.320013, -0.822016, 0.471043;
	-0.123372, 0.456799, 0.880973
]
t: -0.115109   4.60756  -1.96501

Value 22: (gtsam::Pose3)
R: [
	-0.977611, -0.208092, 0.0312194;
	0.198923, -0.86559, 0.459547;
	-0.0686048, 0.455468, 0.887605
]
t: -0.484188   4.83639  -2.09681

Value 23: (gtsam::Pose3)
R: [
	-0.996724, -0.0734407, 0.0338776;
	0.0808461, -0.892962, 0.442813;
	-0.00226909, 0.444101, 0.895974
]
t: -0.879944   5.06402   -2.0692

Value 24: (gtsam::Pose3)
R: [
	-0.998502, -0.0170806, -0.0519887;
	-0.00806056, -0.893769, 0.448455;
	-0.0541258, 0.448202, 0.892292
]
t: -1.30544  5.09693 -2.10764

Value 25: (gtsam::Pose3)
R: [
	-0.985949, 0.136, -0.0969956;
	-0.165531, -0.873455, 0.457904;
	-0.0224462, 0.467525, 0.883695
]
t: -1.82299  5.05782 -2.08931

Value 26: (gtsam::Pose3)
R: [
	-0.964301, 0.235761, -0.120581;
	-0.264442, -0.833445, 0.485222;
	0.0138991, 0.499787, 0.866037
]
t:   -2.218  5.03136 -2.06848

Value 27: (gtsam::Pose3)
R: [
	-0.913381, 0.392031, -0.10976;
	-0.394875, -0.787541, 0.47313;
	0.099041, 0.47549, 0.874128
]
t: -2.78624  4.96168 -2.11604

Value 28: (gtsam::Pose3)
R: [
	-0.843439, 0.533614, -0.0621804;
	-0.513418, -0.766573, 0.385705;
	0.158152, 0.357243, 0.920525
]
t: -3.14051   4.6844 -2.17026

Value 29: (gtsam::Pose3)
R: [
	-0.77436, 0.629394, -0.0650363;
	-0.595057, -0.689437, 0.413018;
	0.215112, 0.358525, 0.908398
]
t: -3.43091   4.4426 -2.03619

Value 30: (gtsam::Pose3)
R: [
	-0.629824, 0.772634, -0.0797355;
	-0.721515, -0.543941, 0.428421;
	0.287641, 0.32736, 0.900054
]
t: -3.82073  4.14317 -2.05693

Value 31: (gtsam::Pose3)
R: [
	-0.54973, 0.832313, -0.0710765;
	-0.764762, -0.467225, 0.443666;
	0.336061, 0.298253, 0.893369
]
t:  -4.1908  3.85408 -1.92371

Value 32: (gtsam::Pose3)
R: [
	-0.479043, 0.877651, -0.015728;
	-0.78954, -0.422981, 0.444649;
	0.383594, 0.225424, 0.895567
]
t:  -4.4776  3.62039 -1.84433

Value 33: (gtsam::Pose3)
R: [
	-0.412654, 0.910804, -0.012395;
	-0.810789, -0.361071, 0.460704;
	0.415136, 0.200161, 0.887467
]
t: -4.95287  3.09785 -1.55877

Value 34: (gtsam::Pose3)
R: [
	-0.270147, 0.962601, 0.0204819;
	-0.835684, -0.244987, 0.491541;
	0.478176, 0.115672, 0.870613
]
t: -5.03468  2.66457 -1.33831

Value 35: (gtsam::Pose3)
R: [
	-0.135744, 0.990016, 0.0379723;
	-0.91729, -0.14007, 0.372774;
	0.374371, 0.01577, 0.927145
]
t: -5.06573  2.23834 -1.32575

Value 36: (gtsam::Pose3)
R: [
	-0.0733934, 0.994781, 0.0708855;
	-0.936139, -0.0932265, 0.339048;
	0.343887, -0.0414748, 0.938095
]
t: -5.20036  1.58074 -1.33913

Value 37: (gtsam::Pose3)
R: [
	0.0395407, 0.997863, 0.0520183;
	-0.939957, 0.0194838, 0.340735;
	0.338993, -0.0623679, 0.938719
]
t: -5.15356  1.21765 -1.15397

Value 38: (gtsam::Pose3)
R: [
	0.236053, 0.968774, 0.0758675;
	-0.882278, 0.180945, 0.434563;
	0.407266, -0.169516, 0.89744
]
t: -5.21327 0.679883 -1.07141

Value 39: (gtsam::Pose3)
R: [
	0.301651, 0.953317, 0.0139122;
	-0.90639, 0.282215, 0.314342;
	0.295742, -0.107432, 0.949208
]
t:  -4.95213  0.161101 -0.713404

Value 40: (gtsam::Pose3)
R: [
	0.352484, 0.935258, -0.0323654;
	-0.895296, 0.347087, 0.27924;
	0.272395, -0.0694511, 0.959676
]
t:  -4.67527   -0.4448 -0.571932

Value 41: (gtsam::Pose3)
R: [
	0.479482, 0.877551, -0.00136095;
	-0.841982, 0.460483, 0.281107;
	0.247312, -0.13364, 0.959676
]
t:  -4.43127 -0.963936 -0.437006

Value 42: (gtsam::Pose3)
R: [
	0.635748, 0.771889, 0.00331598;
	-0.73887, 0.607298, 0.291992;
	0.223371, -0.188083, 0.956415
]
t:  -3.96446  -1.51398 -0.388806

Value 43: (gtsam::Pose3)
R: [
	0.701031, 0.71208, 0.0387033;
	-0.689975, 0.663551, 0.289197;
	0.180249, -0.22944, 0.956487
]
t:  -3.50771  -1.82767 -0.303524

Value 44: (gtsam::Pose3)
R: [
	0.829952, 0.555814, -0.0474404;
	-0.527469, 0.809606, 0.257514;
	0.181538, -0.188701, 0.965109
]
t:  -3.12166  -2.21308 -0.316838

Value 45: (gtsam::Pose3)
R: [
	0.918995, 0.392327, -0.0390741;
	-0.371546, 0.894928, 0.247098;
	0.131912, -0.212564, 0.968202
]
t:  -2.88938  -2.58358 -0.425052

Value 46: (gtsam::Pose3)
R: [
	0.952303, 0.295986, -0.0742393;
	-0.275635, 0.938727, 0.206925;
	0.130937, -0.176592, 0.975536
]
t:   -2.3998  -2.84398 -0.263929

Value 47: (gtsam::Pose3)
R: [
	0.985249, 0.146164, -0.0889961;
	-0.124681, 0.969346, 0.211713;
	0.117213, -0.197494, 0.973271
]
t:  -1.85645  -3.10683 -0.199357

Value 48: (gtsam::Pose3)
R: [
	0.992205, -0.0560989, -0.111276;
	0.0778796, 0.976229, 0.202264;
	0.0972837, -0.209354, 0.972989
]
t:   -1.23052   -3.18013 -0.0625409

Value 49: (gtsam::Pose3)
R: [
	0.985262, -0.149965, -0.0822783;
	0.158585, 0.981109, 0.110796;
	0.0641084, -0.122211, 0.990431
]
t: -0.676168  -3.17122 0.0313418

Value 50: (gtsam::Pose3)
R: [
	0.985442, -0.168609, -0.021818;
	0.169979, 0.979715, 0.106136;
	0.00347994, -0.1083, 0.994112
]
t:   0.121341   -3.01887 -0.0398399

Value 51: (gtsam::Pose3)
R: [
	0.912097, -0.408668, 0.0326882;
	0.404804, 0.910351, 0.0859982;
	-0.0649024, -0.0652064, 0.995759
]
t: 0.837003 -3.02878 0.109984

Value 52: (gtsam::Pose3)
R: [
	0.898281, -0.436697, 0.0488604;
	0.436382, 0.899591, 0.0175107;
	-0.0516012, 0.00559228, 0.998652
]
t:   1.80202  -2.68004 0.0931185

Value 53: (gtsam::Pose3)
R: [
	0.848829, -0.528202, 0.0221918;
	0.524148, 0.846307, 0.0950437;
	-0.0689833, -0.069044, 0.995226
]
t:     2.3171   -2.43974 -0.0860791

Value 54: (gtsam::Pose3)
R: [
	0.781684, -0.623637, 0.00684584;
	0.619248, 0.777395, 0.110408;
	-0.0741766, -0.0820651, 0.993863
]
t:    2.84673   -2.06806 -0.0958086

Value 55: (gtsam::Pose3)
R: [
	0.669909, -0.741392, 0.039497;
	0.740478, 0.671058, 0.0370658;
	-0.0539851, 0.00441588, 0.998532
]
t:   3.37109  -1.73033 -0.191448

Value 56: (gtsam::Pose3)
R: [
	0.580256, -0.814315, 0.0139603;
	0.812549, 0.579993, 0.0580728;
	-0.0553864, -0.0223537, 0.998215
]
t:   3.88445  -1.18426 -0.327676

Value 57: (gtsam::Pose3)
R: [
	0.498339, -0.862233, 0.0906169;
	0.860148, 0.504801, 0.0729461;
	-0.10864, 0.0415921, 0.993211
]
t:   4.36864  -0.60506 -0.266067

Value 58: (gtsam::Pose3)
R: [
	0.38048, -0.917659, 0.114618;
	0.896909, 0.396367, 0.196081;
	-0.225367, 0.028197, 0.973866
]
t:    4.67439 -0.0534523  -0.377729

Value 59: (gtsam::Pose3)
R: [
	0.271605, -0.955094, 0.118429;
	0.931504, 0.291819, 0.217121;
	-0.241931, 0.0513454, 0.968934
]
t:   4.89314  0.608143 -0.608623

Value 60: (gtsam::Pose3)
R: [
	0.130003, -0.981153, 0.142963;
	0.96897, 0.156291, 0.191493;
	-0.210228, 0.113632, 0.971026
]
t:   5.17791   1.28194 -0.843129

Value 61: (gtsam::Pose3)
R: [
	-0.00594749, -0.997994, 0.0630338;
	0.975389, 0.00810408, 0.220341;
	-0.22041, 0.062793, 0.973384
]
t:  5.16315  1.75089 -1.02208

Value 62: (gtsam::Pose3)
R: [
	-0.0734456, -0.987302, 0.140858;
	0.968662, -0.037018, 0.245609;
	-0.237276, 0.154483, 0.95908
]
t:  5.13295  2.57067 -1.16862

Value 63: (gtsam::Pose3)
R: [
	-0.154512, -0.980101, 0.124608;
	0.938685, -0.106283, 0.327986;
	-0.308216, 0.167645, 0.936428
]
t:  5.05393  3.22783 -1.45306

Value 64: (gtsam::Pose3)
R: [
	-0.320936, -0.943569, 0.0817232;
	0.870349, -0.2598, 0.418325;
	-0.373486, 0.205383, 0.904614
]
t:  4.84641  3.86129 -1.61439

Value 65: (gtsam::Pose3)
R: [
	-0.356731, -0.931681, 0.0686513;
	0.845116, -0.29052, 0.44875;
	-0.398148, 0.218101, 0.891016
]
t:  4.43958  4.57258 -1.96335

Value 66: (gtsam::Pose3)
R: [
	-0.495715, -0.866928, 0.0519842;
	0.772606, -0.41286, 0.482314;
	-0.396669, 0.279254, 0.874455
]
t:  3.98484  5.05135 -2.26656

Value 67: (gtsam::Pose3)
R: [
	-0.672701, -0.736712, 0.0687642;
	0.658699, -0.55394, 0.509182;
	-0.337029, 0.387822, 0.857907
]
t:  3.74454  5.56675 -2.56287

Value 68: (gtsam::Pose3)
R: [
	-0.747854, -0.660512, 0.0666209;
	0.594004, -0.620968, 0.511427;
	-0.296434, 0.422046, 0.85674
]
t:  3.07155  6.10206 -2.72119

Value 69: (gtsam::Pose3)
R: [
	-0.837257, -0.538946, 0.0924008;
	0.504843, -0.69696, 0.509295;
	-0.210083, 0.473058, 0.855617
]
t:  2.35102  6.45447 -3.03848

Value 70: (gtsam::Pose3)
R: [
	-0.900251, -0.425788, 0.0908446;
	0.412217, -0.766468, 0.492549;
	-0.140092, 0.480865, 0.865531
]
t:   1.7394  6.75688 -3.28999

Value 71: (gtsam::Pose3)
R: [
	-0.95002, -0.309364, -0.0418948;
	0.245756, -0.823854, 0.510753;
	-0.192524, 0.47493, 0.858706
]
t:   0.9462  7.10606 -3.41708

Value 72: (gtsam::Pose3)
R: [
	-0.969668, -0.228493, 0.0867996;
	0.243244, -0.86724, 0.434427;
	-0.0239874, 0.442363, 0.896515
]
t: 0.188997  7.40456  -3.6241

Value 73: (gtsam::Pose3)
R: [
	-0.984752, -0.171438, 0.0295219;
	0.165609, -0.871923, 0.460786;
	-0.0532555, 0.458649, 0.88702
]
t: -0.778625   7.70266  -3.53004

Value 74: (gtsam::Pose3)
R: [
	-0.990268, 0.137907, 0.0187304;
	-0.114383, -0.883138, 0.454955;
	0.0792831, 0.448385, 0.890317
]
t: -1.35548  7.76017 -3.53334

Value 75: (gtsam::Pose3)
R: [
	-0.988876, 0.13913, -0.0526067;
	-0.14823, -0.89241, 0.426183;
	0.0123479, 0.42924, 0.903106
]
t: -2.24605  7.66193 -3.64372

Value 76: (gtsam::Pose3)
R: [
	-0.960667, 0.258453, -0.101586;
	-0.275127, -0.836097, 0.474602;
	0.0377264, 0.483884, 0.874319
]
t: -3.00359   7.5904  -3.6307

Value 77: (gtsam::Pose3)
R: [
	-0.913064, 0.383795, -0.137897;
	-0.399188, -0.771914, 0.49477;
	0.0834458, 0.506804, 0.858013
]
t: -3.94639  7.35943 -3.39886

Value 78: (gtsam::Pose3)
R: [
	-0.88075, 0.459483, -0.114696;
	-0.439464, -0.702707, 0.559531;
	0.176497, 0.543211, 0.820835
]
t:  -4.6767  7.06361 -3.30052

Value 79: (gtsam::Pose3)
R: [
	-0.826913, 0.559419, -0.0571383;
	-0.494834, -0.675626, 0.546506;
	0.267122, 0.480187, 0.835504
]
t: -5.36155  6.59693  -3.2928

Value 80: (gtsam::Pose3)
R: [
	-0.724381, 0.679086, -0.118804;
	-0.636908, -0.593259, 0.492333;
	0.263855, 0.432304, 0.862261
]
t: -6.07651  6.00394 -3.09272

Value 81: (gtsam::Pose3)
R: [
	-0.615417, 0.78337, -0.0871394;
	-0.724311, -0.518463, 0.454499;
	0.310862, 0.342822, 0.886475
]
t: -6.71556  5.31294 -2.90091

Value 82: (gtsam::Pose3)
R: [
	-0.479601, 0.877256, -0.0201066;
	-0.780115, -0.415779, 0.467492;
	0.401751, 0.239895, 0.883768
]
t: -7.16879  4.85608 -2.65565

Value 83: (gtsam::Pose3)
R: [
	-0.318036, 0.94767, -0.0278247;
	-0.848192, -0.271294, 0.454939;
	0.423583, 0.168288, 0.890088
]
t: -7.55659  4.25277 -2.24936

Value 84: (gtsam::Pose3)
R: [
	-0.221417, 0.97399, -0.0481557;
	-0.884703, -0.179856, 0.43006;
	0.410213, 0.137826, 0.901515
]
t: -7.90031  3.41042 -1.86397

Value 85: (gtsam::Pose3)
R: [
	-0.140958, 0.989561, -0.0300066;
	-0.916289, -0.118924, 0.382455;
	0.374894, 0.0814048, 0.923487
]
t: -8.15094   2.6075  -1.4655

Value 86: (gtsam::Pose3)
R: [
	-0.00780342, 0.998968, -0.0447416;
	-0.935105, 0.00856236, 0.354268;
	0.354286, 0.0446026, 0.934073
]
t: -8.23185  1.87192 -1.19191

Value 87: (gtsam::Pose3)
R: [
	0.120303, 0.992026, -0.0375667;
	-0.96195, 0.12584, 0.242523;
	0.245316, 0.00696105, 0.969418
]
t:  -8.27794   1.19315 -0.825846

Value 88: (gtsam::Pose3)
R: [
	0.264819, 0.963822, -0.0302921;
	-0.933166, 0.26406, 0.243873;
	0.243049, -0.0363146, 0.969334
]
t:   -8.0282  0.176975 -0.738241

Value 89: (gtsam::Pose3)
R: [
	0.315912, 0.943273, -0.102157;
	-0.925102, 0.330143, 0.187593;
	0.210677, 0.0352424, 0.97692
]
t:   -7.7298 -0.668518 -0.433649

Value 90: (gtsam::Pose3)
R: [
	0.416305, 0.906283, -0.0730842;
	-0.882339, 0.42209, 0.208131;
	0.219474, -0.022161, 0.975367
]
t:  -7.39721   -1.5029 -0.274793

Value 91: (gtsam::Pose3)
R: [
	0.600245, 0.797464, -0.0612881;
	-0.776968, 0.599569, 0.191931;
	0.189805, -0.0675868, 0.979493
]
t: -7.00737 -2.38585 -0.16412

Value 92: (gtsam::Pose3)
R: [
	0.657829, 0.741022, -0.134714;
	-0.723757, 0.671442, 0.159189;
	0.208415, -0.00721889, 0.978014
]
t:    -6.3473   -3.42143 -0.0687578

Value 93: (gtsam::Pose3)
R: [
	0.694219, 0.703345, -0.152858;
	-0.688951, 0.710815, 0.141736;
	0.208343, 0.00691529, 0.978031
]
t: -5.55708 -3.98101 0.139196

Value 94: (gtsam::Pose3)
R: [
	0.782947, 0.621173, -0.0337399;
	-0.61018, 0.77739, 0.15279;
	0.121138, -0.0990388, 0.987683
]
t: -4.83161 -4.67926 0.124526

Value 95: (gtsam::Pose3)
R: [
	0.891832, 0.446603, -0.0719816;
	-0.433836, 0.889478, 0.143582;
	0.12815, -0.0968228, 0.987017
]
t: -4.09812 -5.27014 0.203088

Value 96: (gtsam::Pose3)
R: [
	0.949772, 0.310984, -0.0349543;
	-0.302592, 0.941103, 0.150873;
	0.0798145, -0.132718, 0.987935
]
t: -3.17607 -5.67539 0.194602

Value 97: (gtsam::Pose3)
R: [
	0.980703, 0.190991, -0.041757;
	-0.181237, 0.968254, 0.172158;
	0.073312, -0.161268, 0.984184
]
t: -2.09999 -6.07299 0.301079

Value 98: (gtsam::Pose3)
R: [
	0.995669, 0.0367819, -0.0853819;
	-0.0209188, 0.983492, 0.179739;
	0.0905836, -0.177175, 0.980002
]
t: -1.13573 -6.17775 0.228535

Value 99: (gtsam::Pose3)
R: [
	0.995826, -0.0749742, -0.0520481;
	0.0817444, 0.986305, 0.143249;
	0.0405953, -0.146906, 0.988317
]
t: -0.158484  -6.18771   0.35013

Value 100: (gtsam::Pose3)
R: [
	0.979109, -0.20077, -0.0321958;
	0.203126, 0.972937, 0.110153;
	0.00920902, -0.114392, 0.993393
]
t: 0.907216 -5.97516 0.328642

Value 101: (gtsam::Pose3)
R: [
	0.946802, -0.321563, 0.0127519;
	0.31658, 0.937786, 0.142597;
	-0.0578126, -0.130974, 0.989699
]
t:  2.04148  -5.7665 0.155511

Value 102: (gtsam::Pose3)
R: [
	0.899588, -0.425454, 0.0986391;
	0.419988, 0.904683, 0.0718178;
	-0.119792, -0.0231792, 0.992528
]
t:  2.98594 -5.46015 0.192111

Value 103: (gtsam::Pose3)
R: [
	0.86991, -0.485077, 0.0892038;
	0.482283, 0.874469, 0.0520375;
	-0.103248, -0.00224646, 0.994653
]
t:    3.94003   -5.05587 -0.0635384

Value 104: (gtsam::Pose3)
R: [
	0.789149, -0.611167, 0.0609791;
	0.610056, 0.791466, 0.0375894;
	-0.0712362, 0.007537, 0.997431
]
t:   4.81132  -4.44158 0.0647892

Value 105: (gtsam::Pose3)
R: [
	0.749698, -0.660635, 0.0389185;
	0.658295, 0.750487, 0.058455;
	-0.0678252, -0.0182037, 0.997531
]
t:   5.62492  -3.73549 -0.210989

Value 106: (gtsam::Pose3)
R: [
	0.655346, -0.754367, 0.0381013;
	0.750077, 0.655899, 0.0847379;
	-0.0889141, -0.0269537, 0.995675
]
t:   6.30676  -2.99308 -0.412044

Value 107: (gtsam::Pose3)
R: [
	0.511401, -0.854328, 0.092702;
	0.841849, 0.519722, 0.14553;
	-0.172509, 0.00361713, 0.985001
]
t:   6.91084  -2.15717 -0.541407

Value 108: (gtsam::Pose3)
R: [
	0.414658, -0.897417, 0.150672;
	0.885877, 0.435958, 0.158627;
	-0.208041, 0.0677005, 0.975774
]
t:   7.35961  -1.29358 -0.794509

Value 109: (gtsam::Pose3)
R: [
	0.231935, -0.956792, 0.175373;
	0.957554, 0.256299, 0.131912;
	-0.171161, 0.137334, 0.975625
]
t:   7.81407 -0.369938  -1.02059

Value 110: (gtsam::Pose3)
R: [
	0.169759, -0.973732, 0.151752;
	0.969004, 0.192973, 0.15425;
	-0.179482, 0.120863, 0.976309
]
t:  8.11557 0.749397 -1.22858

Value 111: (gtsam::Pose3)
R: [
	-0.0797403, -0.98319, 0.164251;
	0.961996, -0.0327327, 0.271093;
	-0.26116, 0.179626, 0.948436
]
t:  8.20772   1.6336 -1.40419

Value 112: (gtsam::Pose3)
R: [
	-0.171349, -0.958954, 0.225935;
	0.96928, -0.123013, 0.212989;
	-0.176454, 0.25549, 0.950573
]
t:  8.24009  2.52936 -1.81624

Value 113: (gtsam::Pose3)
R: [
	-0.313827, -0.941029, 0.126404;
	0.912265, -0.261935, 0.314901;
	-0.263221, 0.214139, 0.94067
]
t:  8.08972  3.64836 -2.07603

Value 114: (gtsam::Pose3)
R: [
	-0.408832, -0.892416, 0.19092;
	0.858218, -0.304814, 0.412978;
	-0.310353, 0.332689, 0.890505
]
t:   7.7446  4.65257 -2.32475

Value 115: (gtsam::Pose3)
R: [
	-0.522542, -0.84601, 0.105911;
	0.793713, -0.437308, 0.422825;
	-0.311399, 0.305007, 0.900001
]
t:  7.23057  5.54186 -2.81733

Value 116: (gtsam::Pose3)
R: [
	-0.636887, -0.767958, 0.0679323;
	0.69877, -0.537781, 0.471713;
	-0.325723, 0.347897, 0.879132
]
t:  6.62946  6.32832 -3.28512

Value 117: (gtsam::Pose3)
R: [
	-0.696254, -0.717098, 0.0316265;
	0.629203, -0.588524, 0.507684;
	-0.345446, 0.373376, 0.860963
]
t:  6.02625   7.2355 -3.75661

Value 118: (gtsam::Pose3)
R: [
	-0.782094, -0.621149, 0.0500265;
	0.536045, -0.629651, 0.562312;
	-0.31778, 0.466597, 0.825411
]
t:  5.11644  7.91079 -4.08221

Value 119: (gtsam::Pose3)
R: [
	-0.803616, -0.592208, 0.0590851;
	0.523965, -0.656922, 0.542138;
	-0.282244, 0.46663, 0.838209
]
t:  4.05949  8.46995 -4.49403

Value 120: (gtsam::Pose3)
R: [
	-0.884368, -0.466155, 0.0243396;
	0.411909, -0.754801, 0.510497;
	-0.219599, 0.461493, 0.859535
]
t:  3.10685  9.09187 -4.80935

Value 121: (gtsam::Pose3)
R: [
	-0.939965, -0.335369, 0.0631893;
	0.31473, -0.780287, 0.54046;
	-0.131948, 0.527901, 0.838993
]
t:  2.00615  9.58137 -5.03695

Value 122: (gtsam::Pose3)
R: [
	-0.973482, -0.185508, 0.133863;
	0.228229, -0.827518, 0.512958;
	0.0156161, 0.529907, 0.847912
]
t: 0.841239  10.0566 -5.12636

Value 123: (gtsam::Pose3)
R: [
	-0.99221, -0.0920843, 0.0839084;
	0.123808, -0.803729, 0.581972;
	0.0138491, 0.587827, 0.808868
]
t: -0.27331   10.227 -4.94816

Value 124: (gtsam::Pose3)
R: [
	-0.999609, 0.00724508, 0.0270188;
	0.0100488, -0.8084, 0.588548;
	0.0261061, 0.588589, 0.808011
]
t: -1.65123  10.3796 -4.84862

Value 125: (gtsam::Pose3)
R: [
	-0.984114, 0.132965, -0.117645;
	-0.174912, -0.839709, 0.514097;
	-0.030431, 0.526507, 0.849626
]
t: -2.77379  10.3861 -4.87417

Value 126: (gtsam::Pose3)
R: [
	-0.929115, 0.299499, -0.216899;
	-0.369474, -0.727607, 0.577995;
	0.0152914, 0.617162, 0.786687
]
t: -3.86935   10.213 -5.02459

Value 127: (gtsam::Pose3)
R: [
	-0.893655, 0.397927, -0.207449;
	-0.444535, -0.721732, 0.530558;
	0.0614007, 0.566354, 0.821872
]
t: -5.05839  9.70754 -5.01887

Value 128: (gtsam::Pose3)
R: [
	-0.812794, 0.560859, -0.157489;
	-0.542386, -0.629933, 0.55588;
	0.212563, 0.537236, 0.816208
]
t: -6.07126  9.24971 -5.02736

Value 129: (gtsam::Pose3)
R: [
	-0.811073, 0.574254, -0.111324;
	-0.53083, -0.642637, 0.552483;
	0.245725, 0.507198, 0.826057
]
t: -7.07955  8.60766 -4.71361

Value 130: (gtsam::Pose3)
R: [
	-0.700255, 0.707115, -0.0981365;
	-0.635659, -0.555028, 0.536546;
	0.324932, 0.438101, 0.838145
]
t: -8.01754  7.92139 -4.38083

Value 131: (gtsam::Pose3)
R: [
	-0.632925, 0.764221, -0.123983;
	-0.686555, -0.480003, 0.546113;
	0.357839, 0.43077, 0.828486
]
t: -8.96523  6.91234 -3.98285

Value 132: (gtsam::Pose3)
R: [
	-0.544752, 0.838588, -0.00391569;
	-0.719266, -0.464828, 0.516325;
	0.431164, 0.284085, 0.856384
]
t: -9.75361  6.08935 -3.54679

Value 133: (gtsam::Pose3)
R: [
	-0.442841, 0.890755, -0.102213;
	-0.761595, -0.313549, 0.567151;
	0.473143, 0.329002, 0.817247
]
t: -10.4098   5.0307 -2.92273

Value 134: (gtsam::Pose3)
R: [
	-0.303014, 0.937925, -0.168759;
	-0.878238, -0.206084, 0.431541;
	0.369974, 0.278974, 0.886168
]
t: -10.9946  4.08263 -2.31471

Value 135: (gtsam::Pose3)
R: [
	-0.120747, 0.958052, -0.259917;
	-0.917043, -0.00740681, 0.39872;
	0.380069, 0.2865, 0.879469
]
t: -11.1041  2.97068 -1.93657

Value 136: (gtsam::Pose3)
R: [
	-0.0350499, 0.989425, -0.140744;
	-0.932078, 0.018445, 0.361787;
	0.360558, 0.143865, 0.921575
]
t: -11.2958  1.81725  -1.3408

Value 137: (gtsam::Pose3)
R: [
	0.111998, 0.980666, -0.160471;
	-0.967958, 0.144188, 0.20559;
	0.224754, 0.132304, 0.965392
]
t:  -11.2053  0.822048 -0.875949

Value 138: (gtsam::Pose3)
R: [
	0.290252, 0.955832, -0.0462535;
	-0.949344, 0.293691, 0.111764;
	0.120412, 0.0114706, 0.992658
]
t:  -11.0971 -0.518886 -0.786243

Value 139: (gtsam::Pose3)
R: [
	0.415469, 0.904227, -0.0987863;
	-0.90122, 0.423918, 0.0899837;
	0.123243, 0.0516427, 0.991032
]
t:  -10.7076  -1.68468 -0.672259

Value 140: (gtsam::Pose3)
R: [
	0.526595, 0.841277, -0.122268;
	-0.837497, 0.538074, 0.0952631;
	0.145932, 0.0522343, 0.987915
]
t:  -10.0889  -2.97629 -0.436759

Value 141: (gtsam::Pose3)
R: [
	0.602692, 0.796876, -0.0418338;
	-0.793041, 0.603963, 0.0794654;
	0.0885902, -0.0147173, 0.995959
]
t: -9.45488 -4.16559  -0.2511

Value 142: (gtsam::Pose3)
R: [
	0.688307, 0.724059, -0.0444082;
	-0.724526, 0.689208, 0.00744891;
	0.0359999, 0.0270477, 0.998986
]
t:  -8.65102  -5.25596 -0.100574

Value 143: (gtsam::Pose3)
R: [
	0.773648, 0.622774, -0.116705;
	-0.611793, 0.782146, 0.11814;
	0.164855, -0.0199997, 0.986115
]
t:  -7.66232  -6.20973 0.0138391

Value 144: (gtsam::Pose3)
R: [
	0.880594, 0.470554, -0.0559674;
	-0.462609, 0.879245, 0.113669;
	0.102697, -0.0742057, 0.991941
]
t: -6.60556  -7.1667 0.236723

Value 145: (gtsam::Pose3)
R: [
	0.902644, 0.407924, -0.13723;
	-0.399471, 0.91274, 0.0856122;
	0.160179, -0.0224578, 0.986832
]
t: -5.24825 -7.83799 0.412466

Value 146: (gtsam::Pose3)
R: [
	0.961066, 0.275935, 0.0145722;
	-0.274187, 0.945785, 0.174103;
	0.0342589, -0.17132, 0.98462
]
t: -4.10049  -8.6187 0.641179

Value 147: (gtsam::Pose3)
R: [
	0.974303, 0.224822, 0.013775;
	-0.224692, 0.965823, 0.129228;
	0.015749, -0.129002, 0.991519
]
t: -2.61755 -8.98528 0.680135

Value 148: (gtsam::Pose3)
R: [
	0.998613, 0.0477976, -0.0220947;
	-0.0459314, 0.995864, 0.078397;
	0.0257505, -0.0772734, 0.996677
]
t: -1.41312 -9.26126 0.726997

Value 149: (gtsam::Pose3)
R: [
	0.99891, -0.0402236, 0.0236812;
	0.0375629, 0.993898, 0.103715;
	-0.0277085, -0.102712, 0.994325
]
t: -0.00721545    -9.24249    0.669422

Value 150: (gtsam::Pose3)
R: [
	0.983775, -0.170457, 0.055955;
	0.164072, 0.980978, 0.103744;
	-0.0725745, -0.0928799, 0.993029
]
t:  1.45648 -8.99724 0.526363

Value 151: (gtsam::Pose3)
R: [
	0.962963, -0.262952, 0.0596616;
	0.253994, 0.958883, 0.126609;
	-0.0905007, -0.106766, 0.990157
]
t:  2.84283 -8.73939 0.382164

Value 152: (gtsam::Pose3)
R: [
	0.921798, -0.3684, 0.120708;
	0.358499, 0.928556, 0.0962369;
	-0.147538, -0.0454371, 0.988012
]
t:  4.17505  -8.1418 0.174811

Value 153: (gtsam::Pose3)
R: [
	0.845358, -0.517895, 0.130973;
	0.519302, 0.854199, 0.0258735;
	-0.125277, 0.0461423, 0.991048
]
t:    5.44037   -7.64755 -0.0185899

Value 154: (gtsam::Pose3)
R: [
	0.776705, -0.6147, 0.137379;
	0.614807, 0.78729, 0.0467533;
	-0.136897, 0.0481482, 0.989415
]
t:    6.6083  -6.85592 -0.126807

Value 155: (gtsam::Pose3)
R: [
	0.708767, -0.696667, 0.110926;
	0.69882, 0.714874, 0.024596;
	-0.0964335, 0.0600847, 0.993524
]
t:   7.66625  -5.86598 -0.329548

Value 156: (gtsam::Pose3)
R: [
	0.592897, -0.799608, 0.0953912;
	0.799001, 0.598896, 0.0540539;
	-0.100351, 0.0441692, 0.993971
]
t:   8.60157  -4.96553 -0.485571

Value 157: (gtsam::Pose3)
R: [
	0.397889, -0.888581, 0.228274;
	0.870166, 0.444356, 0.212977;
	-0.290682, 0.113895, 0.950017
]
t:   9.53363  -3.89856 -0.691505

Value 158: (gtsam::Pose3)
R: [
	0.384943, -0.903656, 0.18768;
	0.892354, 0.416326, 0.174288;
	-0.235632, 0.100387, 0.966644
]
t:  10.1013 -2.53451 -1.10167

Value 159: (gtsam::Pose3)
R: [
	0.269872, -0.949263, 0.161456;
	0.930564, 0.300204, 0.209588;
	-0.247424, 0.0936833, 0.964368
]
t:  10.6327 -1.17503 -1.56002

Value 160: (gtsam::Pose3)
R: [
	0.136213, -0.971811, 0.192431;
	0.967442, 0.172308, 0.18538;
	-0.213312, 0.160915, 0.963641
]
t:  11.1137 0.158646 -1.66133

Value 161: (gtsam::Pose3)
R: [
	-0.0487958, -0.986222, 0.158065;
	0.94433, 0.00599791, 0.328945;
	-0.32536, 0.165317, 0.931027
]
t:   11.243  1.58528 -1.92885

Value 162: (gtsam::Pose3)
R: [
	-0.143066, -0.985617, 0.0899521;
	0.958745, -0.115458, 0.259763;
	-0.245641, 0.123404, 0.961474
]
t:  11.0738  2.82627 -2.50094

Value 163: (gtsam::Pose3)
R: [
	-0.287563, -0.954774, 0.0755952;
	0.883555, -0.233993, 0.405681;
	-0.369645, 0.183452, 0.910883
]
t:  11.0069  4.32507 -2.90877

Value 164: (gtsam::Pose3)
R: [
	-0.410847, -0.907218, 0.0903377;
	0.807618, -0.316174, 0.497782;
	-0.423034, 0.277471, 0.862585
]
t:  10.4413  5.59277 -3.31263

Value 165: (gtsam::Pose3)
R: [
	-0.546417, -0.837143, 0.0248875;
	0.751633, -0.477062, 0.455478;
	-0.369428, 0.267587, 0.889899
]
t:  9.81913  6.81544 -3.93052

Value 166: (gtsam::Pose3)
R: [
	-0.63233, -0.76027, 0.148822;
	0.698655, -0.476637, 0.533571;
	-0.334724, 0.441369, 0.832558
]
t:  9.08563  7.89409 -4.50099

Value 167: (gtsam::Pose3)
R: [
	-0.715427, -0.690145, 0.108925;
	0.645276, -0.592874, 0.481787;
	-0.267924, 0.41497, 0.869492
]
t:  8.13243  8.92379 -5.09871

Value 168: (gtsam::Pose3)
R: [
	-0.851104, -0.523619, 0.0380227;
	0.44966, -0.689673, 0.567588;
	-0.270977, 0.500174, 0.822434
]
t:  6.97791  9.79084 -5.68751

Value 169: (gtsam::Pose3)
R: [
	-0.834743, -0.550621, -0.00450556;
	0.466923, -0.712146, 0.524243;
	-0.291868, 0.435504, 0.851557
]
t:  5.77021  10.6032 -6.00198

Value 170: (gtsam::Pose3)
R: [
	-0.906012, -0.414525, 0.0855022;
	0.382967, -0.716863, 0.582619;
	-0.180217, 0.560604, 0.808236
]
t:  4.42383  11.3363 -6.37577

Value 171: (gtsam::Pose3)
R: [
	-0.959329, -0.259818, 0.110376;
	0.273391, -0.757713, 0.592561;
	-0.0703251, 0.598637, 0.797928
]
t:  3.00255  11.8932 -6.74315

Value 172: (gtsam::Pose3)
R: [
	-0.975325, -0.183178, 0.123235;
	0.220493, -0.780042, 0.585591;
	-0.0111392, 0.598314, 0.801184
]
t:   1.4416  12.3753 -6.88364

Value 173: (gtsam::Pose3)
R: [
	-0.983697, -0.04104, 0.17509;
	0.128058, -0.843422, 0.521767;
	0.126262, 0.535682, 0.834927
]
t: -0.0259487    12.6912   -6.88189

Value 174: (gtsam::Pose3)
R: [
	-0.999457, 0.0304673, -0.01257;
	-0.0324429, -0.842264, 0.538088;
	0.0058068, 0.538203, 0.842795
]
t: -1.61663  12.8005 -6.67225

Value 175: (gtsam::Pose3)
R: [
	-0.968674, 0.13968, -0.205329;
	-0.224408, -0.846453, 0.482865;
	-0.106355, 0.513816, 0.851282
]
t: -3.18357  12.8032 -6.72584

Value 176: (gtsam::Pose3)
R: [
	-0.952061, 0.254731, -0.169386;
	-0.305174, -0.829207, 0.468278;
	-0.0211708, 0.497522, 0.867193
]
t: -4.73958  12.3967 -6.97772

Value 177: (gtsam::Pose3)
R: [
	-0.915997, 0.350723, -0.19479;
	-0.397791, -0.730981, 0.554463;
	0.0520753, 0.585372, 0.809091
]
t: -6.18605  11.8142 -6.86262

Value 178: (gtsam::Pose3)
R: [
	-0.867878, 0.489499, -0.0847281;
	-0.453258, -0.710436, 0.538365;
	0.203335, 0.505639, 0.838441
]
t: -7.70268  11.1788 -6.73428

Value 179: (gtsam::Pose3)
R: [
	-0.761492, 0.64144, -0.0931894;
	-0.580329, -0.610666, 0.5388;
	0.2887, 0.464373, 0.837264
]
t: -8.78515  10.4303 -6.37945

Value 180: (gtsam::Pose3)
R: [
	-0.707748, 0.693705, -0.133665;
	-0.638813, -0.547619, 0.540399;
	0.30168, 0.467853, 0.830724
]
t: -10.1713  9.44287 -5.86977

Value 181: (gtsam::Pose3)
R: [
	-0.628673, 0.777374, -0.0214415;
	-0.655519, -0.51489, 0.552434;
	0.418408, 0.361356, 0.833281
]
t: -11.2495   8.4334 -5.37842

Value 182: (gtsam::Pose3)
R: [
	-0.555713, 0.829496, -0.0558457;
	-0.707333, -0.436435, 0.556061;
	0.436878, 0.348512, 0.829263
]
t: -12.3712  7.31694 -4.56659

Value 183: (gtsam::Pose3)
R: [
	-0.434603, 0.897231, -0.0780857;
	-0.784627, -0.334638, 0.521899;
	0.442133, 0.288087, 0.849426
]
t: -13.2252   6.0858 -3.91445

Value 184: (gtsam::Pose3)
R: [
	-0.24359, 0.960572, -0.134035;
	-0.901905, -0.17352, 0.395548;
	0.356695, 0.217238, 0.908612
]
t: -13.7371   4.8706 -3.16372

Value 185: (gtsam::Pose3)
R: [
	-0.0843022, 0.976687, -0.197421;
	-0.937962, -0.0109071, 0.346566;
	0.336334, 0.21439, 0.917015
]
t: -14.0744  3.27123 -2.53903

Value 186: (gtsam::Pose3)
R: [
	-0.0706834, 0.972773, -0.220718;
	-0.93509, 0.0124193, 0.354193;
	0.34729, 0.231426, 0.908753
]
t: -14.2325    1.614 -1.94885

Value 187: (gtsam::Pose3)
R: [
	0.116477, 0.963236, -0.242095;
	-0.964522, 0.167848, 0.203776;
	0.23692, 0.20977, 0.948612
]
t:  -14.155  0.28055 -1.47199

Value 188: (gtsam::Pose3)
R: [
	0.351325, 0.906146, -0.23552;
	-0.924689, 0.375243, 0.0643595;
	0.146697, 0.195172, 0.969736
]
t: -14.0816 -1.31121 -1.02597

Value 189: (gtsam::Pose3)
R: [
	0.40351, 0.902596, -0.149999;
	-0.904655, 0.418114, 0.082341;
	0.137037, 0.102472, 0.985251
]
t: -13.4264 -2.79326 -0.92909

Value 190: (gtsam::Pose3)
R: [
	0.519195, 0.837851, -0.16865;
	-0.84596, 0.531885, 0.0380757;
	0.121604, 0.122903, 0.98494
]
t:  -12.7462  -4.50246 -0.681254

Value 191: (gtsam::Pose3)
R: [
	0.612391, 0.778842, -0.135579;
	-0.782559, 0.621546, 0.0357998;
	0.112151, 0.0841748, 0.99012
]
t:  -11.8849  -6.03487 -0.378249

Value 192: (gtsam::Pose3)
R: [
	0.664342, 0.738728, -0.113709;
	-0.7398, 0.671588, 0.0408133;
	0.106516, 0.0570082, 0.992675
]
t:  -10.7118  -7.40294 -0.287097

Value 193: (gtsam::Pose3)
R: [
	0.779805, 0.624555, -0.0428335;
	-0.625368, 0.780292, -0.00771641;
	0.0286033, 0.032804, 0.999052
]
t:    -9.5686   -8.62711 0.00193815

Value 194: (gtsam::Pose3)
R: [
	0.836535, 0.53843, -0.101497;
	-0.544435, 0.837678, -0.0434255;
	0.0616403, 0.0915855, 0.993888
]
t: -7.96582 -9.73957 0.273583

Value 195: (gtsam::Pose3)
R: [
	0.821206, 0.499552, -0.275806;
	-0.510747, 0.859012, 0.0351425;
	0.254476, 0.112008, 0.960571
]
t: -6.36334 -10.6477 0.398824

Value 196: (gtsam::Pose3)
R: [
	0.966508, 0.246546, -0.0712499;
	-0.246878, 0.969037, 0.00424864;
	0.0700913, 0.0134837, 0.997449
]
t: -4.96748  -11.473 0.834847

Value 197: (gtsam::Pose3)
R: [
	0.965661, 0.25341, -0.0572973;
	-0.254884, 0.966766, -0.0199487;
	0.0503379, 0.0338678, 0.998158
]
t: -3.39113 -12.0253 0.957328

Value 198: (gtsam::Pose3)
R: [
	0.998209, 0.0235116, -0.0550137;
	-0.0260274, 0.998627, -0.0454694;
	0.0538691, 0.0468198, 0.99745
]
t: -1.62328 -12.2237 0.918725

Value 199: (gtsam::Pose3)
R: [
	0.999144, 0.00570197, 0.0409696;
	-0.00435626, 0.99945, -0.0328609;
	-0.0411345, 0.0326543, 0.99862
]
t: 0.152631 -12.2411 0.853145

Value 200: (gtsam::Pose3)
R: [
	0.982487, -0.162095, 0.0918931;
	0.165324, 0.985824, -0.0286314;
	-0.0859494, 0.0433221, 0.995357
]
t:  2.03048 -11.9703 0.676017

Value 201: (gtsam::Pose3)
R: [
	0.944489, -0.308339, 0.113439;
	0.303281, 0.951019, 0.0598605;
	-0.12634, -0.0221337, 0.99174
]
t:  3.70731 -11.6884 0.520442

Value 202: (gtsam::Pose3)
R: [
	0.89345, -0.423678, 0.149142;
	0.433286, 0.900471, -0.0376151;
	-0.118361, 0.0982285, 0.9881
]
t:  5.40472  -10.971 0.259665

Value 203: (gtsam::Pose3)
R: [
	0.848255, -0.508235, 0.148864;
	0.508187, 0.860258, 0.041255;
	-0.149028, 0.0406558, 0.987997
]
t:   7.02244   -10.217 -0.126155

Value 204: (gtsam::Pose3)
R: [
	0.799271, -0.585679, 0.13471;
	0.589149, 0.807852, 0.0167219;
	-0.118619, 0.0659988, 0.990744
]
t:   8.61324  -9.21142 -0.312171

Value 205: (gtsam::Pose3)
R: [
	0.686143, -0.711087, 0.153505;
	0.713625, 0.698899, 0.0477429;
	-0.141234, 0.0767866, 0.986994
]
t:   9.77218  -8.16067 -0.549989

Value 206: (gtsam::Pose3)
R: [
	0.633255, -0.753986, 0.174623;
	0.763886, 0.645165, 0.0155206;
	-0.124363, 0.123564, 0.984513
]
t:   11.0964   -6.7734 -0.759204

Value 207: (gtsam::Pose3)
R: [
	0.47581, -0.830485, 0.289653;
	0.852245, 0.516739, 0.0816063;
	-0.217448, 0.208026, 0.953646
]
t:   12.2926  -5.25008 -0.987338

Value 208: (gtsam::Pose3)
R: [
	0.341741, -0.875865, 0.340696;
	0.912627, 0.395823, 0.102161;
	-0.224334, 0.276015, 0.934607
]
t:  12.9915 -3.76862 -1.48274

Value 209: (gtsam::Pose3)
R: [
	0.229664, -0.95089, 0.207515;
	0.95656, 0.25987, 0.132139;
	-0.179576, 0.168153, 0.969266
]
t:  13.5463  -2.1037 -1.87949

Value 210: (gtsam::Pose3)
R: [
	0.108777, -0.976639, 0.185321;
	0.983289, 0.133089, 0.124221;
	-0.145984, 0.168712, 0.974795
]
t:   14.0018 -0.380856  -2.28127

Value 211: (gtsam::Pose3)
R: [
	-0.07785, -0.978868, 0.189093;
	0.967431, -0.0283484, 0.251544;
	-0.240868, 0.202517, 0.949194
]
t:  14.3043   1.3421 -2.56785

Value 212: (gtsam::Pose3)
R: [
	-0.1979, -0.967533, 0.157215;
	0.949956, -0.149759, 0.274145;
	-0.2417, 0.2036, 0.948751
]
t:  14.1488  3.15507 -2.90484

Value 213: (gtsam::Pose3)
R: [
	-0.292427, -0.944109, 0.152135;
	0.892973, -0.212663, 0.396703;
	-0.342177, 0.251859, 0.905252
]
t:  13.7597   5.0203 -3.50728

Value 214: (gtsam::Pose3)
R: [
	-0.376876, -0.91228, 0.160342;
	0.80816, -0.239275, 0.538168;
	-0.452594, 0.332404, 0.827445
]
t:  13.2134  6.62623 -4.07594

Value 215: (gtsam::Pose3)
R: [
	-0.523987, -0.851359, 0.0250023;
	0.720468, -0.427389, 0.546136;
	-0.454273, 0.304182, 0.837323
]
t:   12.351  8.10199 -4.93116

Value 216: (gtsam::Pose3)
R: [
	-0.600487, -0.795354, 0.0826312;
	0.70658, -0.479387, 0.520512;
	-0.374379, 0.370946, 0.849847
]
t:  11.3488  9.30886 -5.86535

Value 217: (gtsam::Pose3)
R: [
	-0.695273, -0.712182, 0.0969178;
	0.645752, -0.55975, 0.519311;
	-0.315594, 0.423648, 0.849072
]
t:  10.1132  10.5512 -6.54826

Value 218: (gtsam::Pose3)
R: [
	-0.790858, -0.61199, -0.00339743;
	0.506509, -0.657644, 0.557632;
	-0.343499, 0.439287, 0.830082
]
t:  8.62888  11.8201 -7.15487

Value 219: (gtsam::Pose3)
R: [
	-0.876399, -0.476229, 0.0716295;
	0.405266, -0.648957, 0.643906;
	-0.260162, 0.593347, 0.761744
]
t:  7.38177  12.7868 -7.73831

Value 220: (gtsam::Pose3)
R: [
	-0.909484, -0.396618, 0.124634;
	0.390354, -0.711518, 0.584266;
	-0.143051, 0.580031, 0.801935
]
t:  5.74877  13.5375 -8.15777

Value 221: (gtsam::Pose3)
R: [
	-0.926994, -0.358824, 0.109215;
	0.352646, -0.734604, 0.579654;
	-0.127764, 0.57585, 0.807511
]
t:  3.84065  14.2632 -8.46878

Value 222: (gtsam::Pose3)
R: [
	-0.94641, -0.276136, 0.167503;
	0.322968, -0.808274, 0.492325;
	-0.000560686, 0.52004, 0.854142
]
t:  2.06209   14.787 -8.67716

Value 223: (gtsam::Pose3)
R: [
	-0.990759, -0.0931663, 0.098571;
	0.131939, -0.830462, 0.541225;
	0.0314356, 0.549229, 0.83508
]
t: 0.215251  15.2374 -8.58789

Value 224: (gtsam::Pose3)
R: [
	-0.997232, 0.0515712, -0.0535666;
	-0.0733899, -0.798455, 0.597564;
	-0.0119534, 0.599841, 0.80003
]
t: -1.95091  15.3869   -8.378

Value 225: (gtsam::Pose3)
R: [
	-0.957539, 0.216275, -0.190642;
	-0.285888, -0.797729, 0.53094;
	-0.0372516, 0.562898, 0.825687
]
t: -3.58116  15.3124 -8.54746

Value 226: (gtsam::Pose3)
R: [
	-0.948479, 0.238235, -0.208883;
	-0.311383, -0.822725, 0.475568;
	-0.0585565, 0.516109, 0.854519
]
t: -5.50331  14.7912 -8.60392

Value 227: (gtsam::Pose3)
R: [
	-0.909556, 0.410151, -0.0669617;
	-0.39028, -0.787658, 0.476735;
	0.14279, 0.459751, 0.876493
]
t: -7.30964  14.1174 -8.75498

Value 228: (gtsam::Pose3)
R: [
	-0.82174, 0.569152, 0.0284576;
	-0.483207, -0.722385, 0.494642;
	0.302084, 0.392717, 0.868631
]
t: -9.07522  13.2227 -8.41059

Value 229: (gtsam::Pose3)
R: [
	-0.756761, 0.649833, -0.0709222;
	-0.571734, -0.605376, 0.553751;
	0.316911, 0.459606, 0.829656
]
t: -10.7441  12.1971  -7.8744

Value 230: (gtsam::Pose3)
R: [
	-0.687188, 0.719481, -0.100597;
	-0.638845, -0.532541, 0.555227;
	0.345903, 0.445811, 0.825593
]
t: -12.2542  10.9791 -7.27783

Value 231: (gtsam::Pose3)
R: [
	-0.589702, 0.807429, 0.0176016;
	-0.639164, -0.479911, 0.600962;
	0.493681, 0.343138, 0.799084
]
t: -13.5905  9.83197 -6.70297

Value 232: (gtsam::Pose3)
R: [
	-0.555557, 0.8269, -0.0871368;
	-0.722833, -0.428512, 0.542117;
	0.410937, 0.364162, 0.835773
]
t: -14.9955  8.51804 -5.64785

Value 233: (gtsam::Pose3)
R: [
	-0.411072, 0.89844, -0.154356;
	-0.816374, -0.287467, 0.500896;
	0.405652, 0.331917, 0.851632
]
t: -15.9567  7.12867 -4.78431

Value 234: (gtsam::Pose3)
R: [
	-0.231113, 0.953129, -0.195272;
	-0.924376, -0.152501, 0.349675;
	0.303506, 0.261319, 0.916295
]
t: -16.6178   5.5043  -4.0649

Value 235: (gtsam::Pose3)
R: [
	-0.0999693, 0.974202, -0.20233;
	-0.94503, -0.0293395, 0.325664;
	0.311326, 0.223764, 0.923583
]
t: -17.1114  3.38013 -3.39362

Value 236: (gtsam::Pose3)
R: [
	-0.019414, 0.968303, -0.249023;
	-0.960583, 0.0510192, 0.273271;
	0.277315, 0.244512, 0.929145
]
t: -17.2215  1.47707 -2.70348

Value 237: (gtsam::Pose3)
R: [
	0.111891, 0.952646, -0.282748;
	-0.95101, 0.185177, 0.247566;
	0.288201, 0.241196, 0.926696
]
t:  -17.0494 -0.489141  -2.10696

Value 238: (gtsam::Pose3)
R: [
	0.305066, 0.927058, -0.217942;
	-0.93346, 0.336418, 0.124403;
	0.188648, 0.165489, 0.968001
]
t: -16.8251 -2.51481  -1.6549

Value 239: (gtsam::Pose3)
R: [
	0.387505, 0.913684, -0.122562;
	-0.905303, 0.402254, 0.136452;
	0.173975, 0.0580797, 0.983036
]
t: -16.2715 -4.31547 -1.35594

Value 240: (gtsam::Pose3)
R: [
	0.50014, 0.85032, -0.163756;
	-0.858105, 0.512058, 0.0381092;
	0.116258, 0.12146, 0.985764
]
t:  -15.2149  -6.29532 -0.990041

Value 241: (gtsam::Pose3)
R: [
	0.581353, 0.790757, -0.191654;
	-0.804192, 0.59424, 0.012421;
	0.12371, 0.146905, 0.981384
]
t:  -14.3083  -7.96172 -0.749817

Value 242: (gtsam::Pose3)
R: [
	0.740395, 0.649521, -0.173027;
	-0.665131, 0.745111, -0.0490956;
	0.0970357, 0.151436, 0.983693
]
t:  -13.0585  -9.49611 -0.629602

Value 243: (gtsam::Pose3)
R: [
	0.816054, 0.556744, -0.155218;
	-0.567041, 0.823195, -0.0285233;
	0.111895, 0.111292, 0.987468
]
t:  -11.4872  -10.8774 -0.345626

Value 244: (gtsam::Pose3)
R: [
	0.847595, 0.496764, -0.186568;
	-0.506392, 0.862291, -0.00461108;
	0.158585, 0.0983848, 0.982431
]
t:   -9.71428   -12.1979 -0.0744915

Value 245: (gtsam::Pose3)
R: [
	0.87371, 0.446083, -0.19401;
	-0.452581, 0.891643, 0.0119733;
	0.178329, 0.077344, 0.980926
]
t:  -7.95646   -13.345 0.0312481

Value 246: (gtsam::Pose3)
R: [
	0.940074, 0.316879, -0.125891;
	-0.328377, 0.940802, -0.0840279;
	0.0918114, 0.120332, 0.988479
]
t: -5.96421 -14.4187  0.28471

Value 247: (gtsam::Pose3)
R: [
	0.96953, 0.225371, -0.0960224;
	-0.236448, 0.963414, -0.126198;
	0.0640678, 0.145057, 0.987347
]
t: -3.98895 -14.9055 0.557791

Value 248: (gtsam::Pose3)
