step = 500, Chi2 = 0.275245, graph_error = 377.968
Nonlinear optimization exceed max iterations: 10 >= 10, chi2 = 0.279355
After relin
Values with 501 values:
Value 0: (gtsam::Pose3)
R: [
	1, -9.79734e-12, 1.81171e-11;
	9.79734e-12, 1, 5.16929e-12;
	-1.81171e-11, -5.16929e-12, 1
]
t: 2.85287e-14 3.53027e-13 3.91099e-13

Value 1: (gtsam::Pose3)
R: [
	0.97842, -0.206374, 0.010204;
	0.205697, 0.97751, 0.0465052;
	-0.019572, -0.0434027, 0.998866
]
t:   0.349973 -0.0686932   0.057426

Value 2: (gtsam::Pose3)
R: [
	0.873513, -0.486605, 0.0137945;
	0.483236, 0.870192, 0.0961739;
	-0.0588026, -0.0773432, 0.995269
]
t:   0.561658  0.0446218 -0.0258175

Value 3: (gtsam::Pose3)
R: [
	0.822555, -0.56865, -0.00639655;
	0.56549, 0.816691, 0.115047;
	-0.0601973, -0.0982496, 0.993339
]
t:  0.694233 0.0481157 -0.250915

Value 4: (gtsam::Pose3)
R: [
	0.721819, -0.691219, -0.0345425;
	0.68868, 0.712433, 0.134757;
	-0.0685373, -0.121059, 0.990276
]
t:  0.806341  0.141615 -0.376068

Value 5: (gtsam::Pose3)
R: [
	0.684521, -0.727572, -0.0455004;
	0.726824, 0.676342, 0.119533;
	-0.0561947, -0.114893, 0.991787
]
t:   1.08038  0.281312 -0.461894

Value 6: (gtsam::Pose3)
R: [
	0.526156, -0.848899, -0.0503072;
	0.846854, 0.517664, 0.12191;
	-0.077447, -0.106746, 0.991265
]
t:   1.21357  0.415031 -0.480275

Value 7: (gtsam::Pose3)
R: [
	0.406286, -0.910609, -0.0756472;
	0.904047, 0.388563, 0.178093;
	-0.132779, -0.140745, 0.981102
]
t:    1.4931  0.522896 -0.587065

Value 8: (gtsam::Pose3)
R: [
	0.2775, -0.960579, 0.0167958;
	0.939186, 0.274918, 0.20579;
	-0.202295, -0.0413324, 0.978452
]
t:   1.74803  0.790671 -0.434711

Value 9: (gtsam::Pose3)
R: [
	0.160978, -0.986198, 0.0387153;
	0.960223, 0.165565, 0.224857;
	-0.228163, 0.000978353, 0.973622
]
t:   1.93144   1.01562 -0.522351

Value 10: (gtsam::Pose3)
R: [
	0.0496395, -0.998053, 0.0377624;
	0.974269, 0.05671, 0.218139;
	-0.219856, 0.0259624, 0.975187
]
t:   2.07568   1.38795 -0.712074

Value 11: (gtsam::Pose3)
R: [
	0.0436341, -0.999046, 0.00188688;
	0.970834, 0.0428474, 0.235894;
	-0.235749, -0.00846116, 0.971777
]
t:   2.08496   1.78974 -0.847112

Value 12: (gtsam::Pose3)
R: [
	-0.0251988, -0.99959, -0.0135925;
	0.960575, -0.0279766, 0.276611;
	-0.276878, -0.00608633, 0.960886
]
t:  2.07817  2.35445 -1.00067

Value 13: (gtsam::Pose3)
R: [
	-0.251076, -0.966025, 0.0612843;
	0.917759, -0.217449, 0.332316;
	-0.3077, 0.139681, 0.941175
]
t:   2.06094   2.45352 -0.948123

Value 14: (gtsam::Pose3)
R: [
	-0.424878, -0.903558, -0.0553372;
	0.83032, -0.413333, 0.373799;
	-0.360621, 0.112871, 0.925858
]
t:  2.00882  2.86165 -1.04707

Value 15: (gtsam::Pose3)
R: [
	-0.549148, -0.835551, -0.0170657;
	0.748258, -0.500666, 0.435251;
	-0.372219, 0.226248, 0.900147
]
t:  1.78498  3.06827 -1.24717

Value 16: (gtsam::Pose3)
R: [
	-0.603142, -0.796912, -0.0339156;
	0.697766, -0.54775, 0.46162;
	-0.386448, 0.254757, 0.886429
]
t:  1.71559  3.50139 -1.45762

Value 17: (gtsam::Pose3)
R: [
	-0.631189, -0.775552, -0.0109005;
	0.674266, -0.555594, 0.486498;
	-0.383361, 0.299722, 0.873614
]
t:  1.45039  3.83669 -1.69557

Value 18: (gtsam::Pose3)
R: [
	-0.718979, -0.692749, -0.0562838;
	0.596081, -0.656239, 0.462642;
	-0.35743, 0.29908, 0.884757
]
t:  1.01006  4.11175 -1.78845

Value 19: (gtsam::Pose3)
R: [
	-0.83374, -0.549522, -0.0538722;
	0.475232, -0.763838, 0.4367;
	-0.281126, 0.338493, 0.897993
]
t: 0.757074  4.24493 -1.90219

Value 20: (gtsam::Pose3)
R: [
	-0.903756, -0.427748, 0.0160415;
	0.392914, -0.814121, 0.427581;
	-0.169837, 0.392731, 0.903835
]
t: 0.454532  4.49625  -2.0803

Value 21: (gtsam::Pose3)
R: [
	-0.939144, -0.341084, 0.0408654;
	0.319253, -0.822675, 0.470408;
	-0.12683, 0.454828, 0.881502
]
t: -0.108402   4.60806  -1.96666

Value 22: (gtsam::Pose3)
R: [
	-0.977627, -0.208674, 0.0264562;
	0.197304, -0.866138, 0.459213;
	-0.0729112, 0.45416, 0.887932
]
t: -0.477533   4.83658  -2.09918

Value 23: (gtsam::Pose3)
R: [
	-0.996826, -0.074018, 0.029302;
	0.0793326, -0.893118, 0.442771;
	-0.00660287, 0.44369, 0.896156
]
t: -0.872388   5.06373  -2.07299

Value 24: (gtsam::Pose3)
R: [
	-0.998237, -0.0172777, -0.0567892;
	-0.0100414, -0.893763, 0.448427;
	-0.0585039, 0.448207, 0.892014
]
t: -1.29829   5.0959 -2.11282

Value 25: (gtsam::Pose3)
R: [
	-0.985634, 0.135362, -0.101006;
	-0.166854, -0.873072, 0.458154;
	-0.026169, 0.468425, 0.883115
]
t: -1.81401  5.05607 -2.09619

Value 26: (gtsam::Pose3)
R: [
	-0.964036, 0.23506, -0.124022;
	-0.265549, -0.83281, 0.485707;
	0.0108835, 0.501173, 0.865279
]
t: -2.20969  5.02892 -2.07698

Value 27: (gtsam::Pose3)
R: [
	-0.913262, 0.391454, -0.112763;
	-0.3957, -0.786648, 0.473926;
	0.0968156, 0.47744, 0.873314
]
t:  -2.7777   4.9581 -2.12616

Value 28: (gtsam::Pose3)
R: [
	-0.843447, 0.533306, -0.0646628;
	-0.513816, -0.765714, 0.38688;
	0.156812, 0.359538, 0.91986
]
t: -3.13122  4.68042 -2.18082

Value 29: (gtsam::Pose3)
R: [
	-0.774573, 0.628921, -0.0670513;
	-0.595011, -0.688625, 0.414437;
	0.214475, 0.360908, 0.907604
]
t: -3.42136  4.43893 -2.04686

Value 30: (gtsam::Pose3)
R: [
	-0.630322, 0.772071, -0.0812372;
	-0.720946, -0.543322, 0.430161;
	0.287977, 0.329707, 0.89909
]
t: -3.81046  4.13929 -2.06738

Value 31: (gtsam::Pose3)
R: [
	-0.550379, 0.831792, -0.0721508;
	-0.763847, -0.466758, 0.445729;
	0.337077, 0.300432, 0.892255
]
t: -4.18084  3.85014 -1.93426

Value 32: (gtsam::Pose3)
R: [
	-0.479809, 0.877217, -0.016545;
	-0.788335, -0.422763, 0.446989;
	0.385112, 0.227513, 0.894386
]
t: -4.46799   3.6164 -1.85498

Value 33: (gtsam::Pose3)
R: [
	-0.413499, 0.910415, -0.0127938;
	-0.809302, -0.361064, 0.463317;
	0.417191, 0.201935, 0.8861
]
t: -4.94397  3.09454 -1.56889

Value 34: (gtsam::Pose3)
R: [
	-0.271013, 0.962358, 0.0204783;
	-0.833959, -0.245372, 0.494273;
	0.480692, 0.116876, 0.869065
]
t: -5.02646   2.6616 -1.34761

Value 35: (gtsam::Pose3)
R: [
	-0.136746, 0.989875, 0.0380645;
	-0.916103, -0.140988, 0.375338;
	0.376904, 0.016455, 0.926106
]
t: -5.05755  2.23551 -1.33455

Value 36: (gtsam::Pose3)
R: [
	-0.0743075, 0.994696, 0.0711243;
	-0.935109, -0.0942809, 0.341588;
	0.346482, -0.0411264, 0.937155
]
t: -5.19317  1.57859 -1.34591

Value 37: (gtsam::Pose3)
R: [
	0.0386141, 0.997881, 0.0523774;
	-0.939132, 0.0183336, 0.343067;
	0.34138, -0.0624365, 0.937849
]
t: -5.14686  1.21573 -1.16006

Value 38: (gtsam::Pose3)
R: [
	0.235226, 0.968928, 0.0764729;
	-0.881655, 0.179597, 0.436382;
	0.409088, -0.170071, 0.896506
]
t: -5.20711 0.677868 -1.07633

Value 39: (gtsam::Pose3)
R: [
	0.300883, 0.953553, 0.0143902;
	-0.906084, 0.281133, 0.316189;
	0.297457, -0.108175, 0.948587
]
t:  -4.94678  0.159227 -0.717949

Value 40: (gtsam::Pose3)
R: [
	0.351754, 0.93555, -0.0318637;
	-0.895108, 0.34612, 0.281038;
	0.273954, -0.0703349, 0.959168
]
t:  -4.67067 -0.446477 -0.575358

Value 41: (gtsam::Pose3)
R: [
	0.478856, 0.877893, -0.00080388;
	-0.841953, 0.459511, 0.282782;
	0.248622, -0.134735, 0.959184
]
t:   -4.4274 -0.965443 -0.439588

Value 42: (gtsam::Pose3)
R: [
	0.635252, 0.772295, 0.00395538;
	-0.739001, 0.606363, 0.293602;
	0.224349, -0.189434, 0.95592
]
t:  -3.96134  -1.51563 -0.390549

Value 43: (gtsam::Pose3)
R: [
	0.700699, 0.712382, 0.0391463;
	-0.690041, 0.662739, 0.290897;
	0.181286, -0.230844, 0.955953
]
t:  -3.50534  -1.82954 -0.304616

Value 44: (gtsam::Pose3)
R: [
	0.829738, 0.556215, -0.0464778;
	-0.527804, 0.808981, 0.258791;
	0.181543, -0.190198, 0.964814
]
t:  -3.11982  -2.21449 -0.317489

Value 45: (gtsam::Pose3)
R: [
	0.918916, 0.39258, -0.0384055;
	-0.371743, 0.894455, 0.248512;
	0.131913, -0.214085, 0.967867
]
t:  -2.88817  -2.58504 -0.425306

Value 46: (gtsam::Pose3)
R: [
	0.952296, 0.296198, -0.0734726;
	-0.27581, 0.938392, 0.208204;
	0.130616, -0.178008, 0.975322
]
t:  -2.39889   -2.8451 -0.263914

Value 47: (gtsam::Pose3)
R: [
	0.985299, 0.146218, -0.0883516;
	-0.12473, 0.969098, 0.21282;
	0.116739, -0.198671, 0.973089
]
t:  -1.85592  -3.10781 -0.199069

Value 48: (gtsam::Pose3)
R: [
	0.992279, -0.0560966, -0.110615;
	0.0778169, 0.976068, 0.203064;
	0.0965768, -0.210104, 0.972897
]
t:    -1.2302   -3.18076 -0.0622044

Value 49: (gtsam::Pose3)
R: [
	0.985312, -0.149928, -0.0817368;
	0.15851, 0.981072, 0.111229;
	0.0635134, -0.122551, 0.990428
]
t: -0.676012  -3.17154 0.0315926

Value 50: (gtsam::Pose3)
R: [
	0.985445, -0.168614, -0.021601;
	0.169961, 0.979699, 0.106315;
	0.00323628, -0.108439, 0.994098
]
t:  0.121336  -3.01899 -0.039898

Value 51: (gtsam::Pose3)
R: [
	0.912103, -0.408657, 0.032671;
	0.404802, 0.910365, 0.0858578;
	-0.0648289, -0.0650859, 0.995772
]
t: 0.836948 -3.02869 0.109838

Value 52: (gtsam::Pose3)
R: [
	0.898308, -0.436678, 0.0485254;
	0.436384, 0.899599, 0.0170698;
	-0.0511074, 0.00584173, 0.998676
]
t:   1.80195  -2.67984 0.0930989

Value 53: (gtsam::Pose3)
R: [
	0.848887, -0.528138, 0.0214912;
	0.524182, 0.846367, 0.0943244;
	-0.0680057, -0.0688054, 0.99531
]
t:   2.31712   -2.4394 -0.085777

Value 54: (gtsam::Pose3)
R: [
	0.781731, -0.623589, 0.00575583;
	0.619365, 0.777445, 0.109389;
	-0.0726888, -0.0819481, 0.993982
]
t:    2.84679    -2.0677 -0.0948676

Value 55: (gtsam::Pose3)
R: [
	0.669955, -0.741425, 0.0380794;
	0.740577, 0.671022, 0.0356956;
	-0.0520177, 0.00428631, 0.998637
]
t:   3.37126   -1.7299 -0.189579

Value 56: (gtsam::Pose3)
R: [
	0.580337, -0.814285, 0.0122443;
	0.81265, 0.580019, 0.0563787;
	-0.0530102, -0.0227683, 0.998334
]
t:   3.88486  -1.18367 -0.324328

Value 57: (gtsam::Pose3)
R: [
	0.498511, -0.862338, 0.0886597;
	0.860383, 0.504679, 0.0709938;
	-0.105965, 0.0408901, 0.993529
]
t:   4.36892 -0.604469 -0.260907

Value 58: (gtsam::Pose3)
R: [
	0.380967, -0.91772, 0.11249;
	0.897403, 0.396305, 0.193934;
	-0.222557, 0.0270663, 0.974544
]
t:    4.67488 -0.0526889  -0.370856

Value 59: (gtsam::Pose3)
R: [
	0.272133, -0.955229, 0.11611;
	0.932081, 0.291655, 0.214856;
	-0.239101, 0.0497539, 0.969719
]
t:   4.89402  0.609497 -0.599735

Value 60: (gtsam::Pose3)
R: [
	0.130635, -0.981419, 0.140542;
	0.96947, 0.156122, 0.189085;
	-0.207513, 0.11155, 0.971851
]
t:  5.17947   1.2833 -0.83196

Value 61: (gtsam::Pose3)
R: [
	-0.00527677, -0.998155, 0.0604864;
	0.975936, 0.00804549, 0.217907;
	-0.217992, 0.0601807, 0.974093
]
t:  5.16514  1.75261 -1.00981

Value 62: (gtsam::Pose3)
R: [
	-0.072894, -0.987725, 0.13815;
	0.969222, -0.0374963, 0.243317;
	-0.23515, 0.151635, 0.960058
]
t:  5.13564  2.57342 -1.15451

Value 63: (gtsam::Pose3)
R: [
	-0.153727, -0.980572, 0.12185;
	0.939399, -0.106791, 0.325769;
	-0.306428, 0.164545, 0.937564
]
t:  5.05717  3.23053 -1.43748

Value 64: (gtsam::Pose3)
R: [
	-0.319961, -0.944146, 0.078819;
	0.871091, -0.260444, 0.416377;
	-0.372592, 0.201883, 0.905769
]
t:  4.85018  3.86495 -1.59814

Value 65: (gtsam::Pose3)
R: [
	-0.355765, -0.932277, 0.0654995;
	0.845745, -0.291336, 0.447034;
	-0.397677, 0.214435, 0.892116
]
t:  4.44395  4.57692 -1.94707

Value 66: (gtsam::Pose3)
R: [
	-0.494699, -0.867705, 0.0485925;
	0.773062, -0.413818, 0.480759;
	-0.397049, 0.275396, 0.875505
]
t:  3.99064  5.05605 -2.25082

Value 67: (gtsam::Pose3)
R: [
	-0.67183, -0.73784, 0.06509;
	0.65879, -0.555051, 0.507852;
	-0.338585, 0.384071, 0.858982
]
t:  3.75149  5.57174 -2.54735

Value 68: (gtsam::Pose3)
R: [
	-0.747139, -0.661715, 0.0625834;
	0.593777, -0.622174, 0.510224;
	-0.298686, 0.418369, 0.857761
]
t: 3.07866 6.10674 -2.7075

Value 69: (gtsam::Pose3)
R: [
	-0.836805, -0.540367, 0.08809;
	0.504311, -0.698116, 0.508236;
	-0.213137, 0.46972, 0.856701
]
t:  2.35985  6.45862 -3.02771

Value 70: (gtsam::Pose3)
R: [
	-0.900043, -0.427155, 0.0863771;
	0.41145, -0.767565, 0.491481;
	-0.143639, 0.477893, 0.866594
]
t:  1.74944  6.76078 -3.28182

Value 71: (gtsam::Pose3)
R: [
	-0.949497, -0.310321, -0.0464311;
	0.244658, -0.824847, 0.509677;
	-0.196462, 0.472577, 0.859112
]
t:  0.95599  7.10934 -3.41219

Value 72: (gtsam::Pose3)
R: [
	-0.970025, -0.228955, 0.0814322;
	0.241306, -0.867986, 0.434017;
	-0.0286885, 0.440658, 0.897217
]
t: 0.198196  7.40647 -3.62235

Value 73: (gtsam::Pose3)
R: [
	-0.984785, -0.172085, 0.0241869;
	0.163748, -0.872323, 0.460695;
	-0.0581797, 0.457646, 0.887229
]
t: -0.768638   7.70258  -3.53303

Value 74: (gtsam::Pose3)
R: [
	-0.990376, 0.137741, 0.0135314;
	-0.116549, -0.882723, 0.455211;
	0.0746456, 0.449253, 0.890281
]
t:  -1.3464  7.75915 -3.53878

Value 75: (gtsam::Pose3)
R: [
	-0.988682, 0.138768, -0.0570132;
	-0.149789, -0.891852, 0.426806;
	0.0083795, 0.430515, 0.902544
]
t: -2.23465  7.65915 -3.65341

Value 76: (gtsam::Pose3)
R: [
	-0.960354, 0.258134, -0.105298;
	-0.276608, -0.835173, 0.475366;
	0.034766, 0.485646, 0.873464
]
t: -2.99335  7.58582 -3.64376

Value 77: (gtsam::Pose3)
R: [
	-0.912837, 0.383227, -0.140947;
	-0.400132, -0.770739, 0.495839;
	0.0813849, 0.509018, 0.8569
]
t: -3.93564  7.35372 -3.41443

Value 78: (gtsam::Pose3)
R: [
	-0.880811, 0.458711, -0.117286;
	-0.439933, -0.701347, 0.560866;
	0.175017, 0.545615, 0.819556
]
t: -4.66604  7.05718 -3.31767

Value 79: (gtsam::Pose3)
R: [
	-0.827208, 0.558758, -0.0592957;
	-0.494765, -0.674294, 0.548212;
	0.266335, 0.482823, 0.834235
]
t: -5.35066  6.59016 -3.31102

Value 80: (gtsam::Pose3)
R: [
	-0.724663, 0.678487, -0.120494;
	-0.636478, -0.591992, 0.49441;
	0.264119, 0.434972, 0.860837
]
t: -6.06551  5.99727 -3.11112

Value 81: (gtsam::Pose3)
R: [
	-0.616075, 0.782696, -0.0885311;
	-0.723304, -0.51763, 0.457046;
	0.311902, 0.34561, 0.885026
]
t: -6.70377  5.30742 -2.91806

Value 82: (gtsam::Pose3)
R: [
	-0.480459, 0.876764, -0.0210731;
	-0.778605, -0.415363, 0.47037;
	0.40365, 0.242401, 0.882218
]
t: -7.15787  4.85082 -2.67254

Value 83: (gtsam::Pose3)
R: [
	-0.318989, 0.947333, -0.0283802;
	-0.846472, -0.271302, 0.458127;
	0.426299, 0.170161, 0.888434
]
t:  -7.5466  4.24873 -2.26499

Value 84: (gtsam::Pose3)
R: [
	-0.22244, 0.973756, -0.0481626;
	-0.883003, -0.180274, 0.433367;
	0.413311, 0.138926, 0.89993
]
t: -7.89117  3.40807 -1.87688

Value 85: (gtsam::Pose3)
R: [
	-0.142024, 0.989422, -0.0295548;
	-0.914825, -0.119796, 0.385675;
	0.378054, 0.0818126, 0.922161
]
t: -8.14261  2.60684 -1.47544

Value 86: (gtsam::Pose3)
R: [
	-0.00861917, 0.998983, -0.0442556;
	-0.933983, 0.00776726, 0.357232;
	0.357213, 0.044413, 0.932967
]
t: -8.22438  1.87208 -1.20083

Value 87: (gtsam::Pose3)
R: [
	0.11943, 0.992158, -0.036864;
	-0.961384, 0.124839, 0.245268;
	0.247947, 0.00614803, 0.968754
]
t:   -8.2711   1.19456 -0.832678

Value 88: (gtsam::Pose3)
R: [
	0.263972, 0.96408, -0.0294861;
	-0.932882, 0.262958, 0.24614;
	0.245052, -0.037467, 0.968786
]
t:   -8.0227  0.177877 -0.742332

Value 89: (gtsam::Pose3)
R: [
	0.315078, 0.943624, -0.101493;
	-0.924984, 0.329259, 0.189718;
	0.21244, 0.0341034, 0.976579
]
t:  -7.72522 -0.667257  -0.43592

Value 90: (gtsam::Pose3)
R: [
	0.415555, 0.906675, -0.0724934;
	-0.88231, 0.421185, 0.210078;
	0.221006, -0.0233373, 0.974993
]
t:  -7.39353  -1.50163 -0.275493

Value 91: (gtsam::Pose3)
R: [
	0.599559, 0.798025, -0.0607046;
	-0.77721, 0.598661, 0.193777;
	0.19098, -0.0690005, 0.979166
]
t:  -7.00465  -2.38475 -0.163198

Value 92: (gtsam::Pose3)
R: [
	0.657239, 0.74166, -0.13408;
	-0.724003, 0.670718, 0.161109;
	0.209418, -0.00881249, 0.977786
]
t:   -6.34575   -3.42059 -0.0660976

Value 93: (gtsam::Pose3)
R: [
	0.693828, 0.703958, -0.151805;
	-0.689219, 0.710223, 0.143392;
	0.208757, 0.00513756, 0.977954
]
t: -5.55638 -3.98026  0.14266

Value 94: (gtsam::Pose3)
R: [
	0.782816, 0.621391, -0.0327407;
	-0.610293, 0.776974, 0.154449;
	0.121412, -0.100924, 0.987458
]
t: -4.83124 -4.67951  0.12854

Value 95: (gtsam::Pose3)
R: [
	0.891808, 0.446819, -0.0709401;
	-0.433933, 0.889155, 0.145281;
	0.127991, -0.0987798, 0.986844
]
t: -4.09781 -5.27027 0.207398

Value 96: (gtsam::Pose3)
R: [
	0.949769, 0.31112, -0.0338173;
	-0.302753, 0.940798, 0.152446;
	0.0792443, -0.13455, 0.987733
]
t: -3.17596 -5.67573  0.19878

Value 97: (gtsam::Pose3)
R: [
	0.98075, 0.191029, -0.0404637;
	-0.181398, 0.968017, 0.173315;
	0.0722777, -0.162638, 0.984035
]
t: -2.09998 -6.07328 0.304785

Value 98: (gtsam::Pose3)
R: [
	0.995783, 0.0368353, -0.0840159;
	-0.0211559, 0.983367, 0.180393;
	0.0892633, -0.177855, 0.98
]
t: -1.13593 -6.17803 0.231185

Value 99: (gtsam::Pose3)
R: [
	0.995866, -0.0751274, -0.051052;
	0.0817608, 0.986263, 0.143528;
	0.0395678, -0.147109, 0.988329
]
t: -0.158568  -6.18797  0.351482

Value 100: (gtsam::Pose3)
R: [
	0.979109, -0.200891, -0.0314421;
	0.20316, 0.972943, 0.110039;
	0.00848556, -0.114128, 0.99343
]
t: 0.907161 -5.97518 0.328957

Value 101: (gtsam::Pose3)
R: [
	0.946779, -0.321613, 0.0132218;
	0.3166, 0.937861, 0.142058;
	-0.058088, -0.130311, 0.98977
]
t:  2.04131 -5.76636 0.155024

Value 102: (gtsam::Pose3)
R: [
	0.89959, -0.425431, 0.0987251;
	0.42007, 0.904715, 0.0709422;
	-0.119499, -0.0223475, 0.992583
]
t:  2.98578 -5.45994 0.191361

Value 103: (gtsam::Pose3)
R: [
	0.869964, -0.485035, 0.0889049;
	0.482368, 0.874494, 0.0508064;
	-0.10239, -0.00131482, 0.994743
]
t:   3.93991  -5.05541 -0.063976

Value 104: (gtsam::Pose3)
R: [
	0.789243, -0.611118, 0.0602542;
	0.610112, 0.791496, 0.0360214;
	-0.0697043, 0.0083322, 0.997533
]
t:  4.81126 -4.44128 0.065397

Value 105: (gtsam::Pose3)
R: [
	0.749789, -0.660596, 0.037815;
	0.658399, 0.750537, 0.0566155;
	-0.0657814, -0.0175523, 0.99768
]
t:   5.62513  -3.73488 -0.208632

Value 106: (gtsam::Pose3)
R: [
	0.655478, -0.754324, 0.0366621;
	0.75026, 0.655962, 0.0826017;
	-0.0863573, -0.0266375, 0.995908
]
t:   6.30735  -2.99204 -0.407574

Value 107: (gtsam::Pose3)
R: [
	0.511667, -0.854349, 0.0910197;
	0.842286, 0.519688, 0.143102;
	-0.169561, 0.00344408, 0.985514
]
t:   6.91145  -2.15571 -0.534265

Value 108: (gtsam::Pose3)
R: [
	0.415124, -0.897535, 0.148669;
	0.886401, 0.435822, 0.15605;
	-0.204854, 0.0670009, 0.976497
]
t:   7.3611 -1.29153 -0.78431

Value 109: (gtsam::Pose3)
R: [
	0.232376, -0.957076, 0.173227;
	0.958015, 0.255981, 0.129159;
	-0.167957, 0.13594, 0.976376
]
t:  7.81556 -0.36822 -1.00709

Value 110: (gtsam::Pose3)
R: [
	0.170286, -0.974007, 0.149377;
	0.96949, 0.192728, 0.151477;
	-0.176328, 0.119025, 0.977109
]
t:  8.11779 0.751557 -1.21122

Value 111: (gtsam::Pose3)
R: [
	-0.0793068, -0.983624, 0.161847;
	0.96275, -0.0334748, 0.268315;
	-0.258503, 0.177097, 0.949638
]
t:  8.20949  1.63755 -1.38409

Value 112: (gtsam::Pose3)
R: [
	-0.170791, -0.959667, 0.223316;
	0.969791, -0.123663, 0.210269;
	-0.174172, 0.252482, 0.951797
]
t:  8.24391  2.53306 -1.79343

Value 113: (gtsam::Pose3)
R: [
	-0.313313, -0.941587, 0.123489;
	0.912852, -0.262768, 0.312496;
	-0.261793, 0.210636, 0.941858
]
t:  8.09377  3.65418 -2.05043

Value 114: (gtsam::Pose3)
R: [
	-0.408015, -0.89338, 0.188139;
	0.858967, -0.305813, 0.410676;
	-0.309354, 0.329167, 0.89216
]
t:  7.74999  4.65814 -2.29762

Value 115: (gtsam::Pose3)
R: [
	-0.521703, -0.846911, 0.102795;
	0.794338, -0.438259, 0.42066;
	-0.311211, 0.301114, 0.901376
]
t:  7.23799  5.54871 -2.78977

Value 116: (gtsam::Pose3)
R: [
	-0.636127, -0.768888, 0.0644437;
	0.699102, -0.539014, 0.469808;
	-0.326494, 0.34391, 0.880413
]
t:  6.63753  6.33659 -3.25791

Value 117: (gtsam::Pose3)
R: [
	-0.695307, -0.718174, 0.0278401;
	0.629501, -0.589852, 0.50577;
	-0.346809, 0.369191, 0.862219
]
t:  6.03643  7.24386 -3.72949

Value 118: (gtsam::Pose3)
R: [
	-0.781223, -0.622554, 0.046009;
	0.536024, -0.63121, 0.560581;
	-0.319951, 0.462601, 0.82682
]
t:  5.12694  7.91917 -4.05712

Value 119: (gtsam::Pose3)
R: [
	-0.802791, -0.593755, 0.0546089;
	0.523762, -0.658446, 0.540483;
	-0.284958, 0.462497, 0.839581
]
t:  4.07251  8.47757 -4.47279

Value 120: (gtsam::Pose3)
R: [
	-0.883747, -0.467563, 0.0194085;
	0.411309, -0.756301, 0.508757;
	-0.223198, 0.457596, 0.860691
]
t:  3.12114  9.09922 -4.79187

Value 121: (gtsam::Pose3)
R: [
	-0.939692, -0.337068, 0.0580056;
	0.313703, -0.781825, 0.538832;
	-0.136273, 0.524532, 0.840414
]
t:  2.02077   9.5881 -5.02425

Value 122: (gtsam::Pose3)
R: [
	-0.973929, -0.187239, 0.128076;
	0.226618, -0.828653, 0.511838;
	0.0102949, 0.527519, 0.849481
]
t: 0.855221   10.061 -5.11941

Value 123: (gtsam::Pose3)
R: [
	-0.992593, -0.0936248, 0.077424;
	0.121236, -0.804553, 0.581375;
	0.00786059, 0.586455, 0.809944
]
t: -0.263723   10.2284  -4.94792

Value 124: (gtsam::Pose3)
R: [
	-0.999763, 0.00630887, 0.0208259;
	0.00716296, -0.808301, 0.588725;
	0.0205478, 0.588735, 0.808065
]
t: -1.64237  10.3773 -4.85633

Value 125: (gtsam::Pose3)
R: [
	-0.983572, 0.132455, -0.122643;
	-0.177148, -0.838854, 0.514725;
	-0.0347015, 0.527995, 0.848538
]
t: -2.76403  10.3815 -4.88801

Value 126: (gtsam::Pose3)
R: [
	-0.928517, 0.298408, -0.220928;
	-0.371084, -0.726047, 0.578923;
	0.0123512, 0.619523, 0.784882
]
t: -3.85848   10.205 -5.04294

Value 127: (gtsam::Pose3)
R: [
	-0.893306, 0.39697, -0.21076;
	-0.445512, -0.72015, 0.531887;
	0.0593643, 0.569034, 0.820169
]
t: -5.04604   9.6989 -5.04138

Value 128: (gtsam::Pose3)
R: [
	-0.812767, 0.560067, -0.160424;
	-0.542839, -0.628064, 0.557549;
	0.211508, 0.540242, 0.814496
]
t: -6.05858  9.23886 -5.05203

Value 129: (gtsam::Pose3)
R: [
	-0.811207, 0.573557, -0.113909;
	-0.530934, -0.640797, 0.554516;
	0.245054, 0.510306, 0.82434
]
t: -7.06693  8.59691  -4.7399

Value 130: (gtsam::Pose3)
R: [
	-0.700463, 0.706583, -0.100454;
	-0.635263, -0.553137, 0.538962;
	0.325257, 0.441338, 0.836319
]
t: -8.00576  7.91058  -4.4079

Value 131: (gtsam::Pose3)
R: [
	-0.633398, 0.763535, -0.125784;
	-0.685492, -0.478212, 0.549012;
	0.359038, 0.433967, 0.826296
]
t: -8.95186  6.90275 -4.00848

Value 132: (gtsam::Pose3)
R: [
	-0.545416, 0.838149, -0.00516867;
	-0.717471, -0.46368, 0.519842;
	0.433309, 0.287239, 0.854247
]
t: -9.74213  6.08201 -3.57156

Value 133: (gtsam::Pose3)
R: [
	-0.443741, 0.890246, -0.102744;
	-0.759213, -0.312541, 0.570888;
	0.476119, 0.331332, 0.814574
]
t: -10.3987  5.02504 -2.94377

Value 134: (gtsam::Pose3)
R: [
	-0.30408, 0.937634, -0.168456;
	-0.876287, -0.205931, 0.435561;
	0.373706, 0.280061, 0.884256
]
t: -10.9843  4.08124 -2.33118

Value 135: (gtsam::Pose3)
R: [
	-0.122317, 0.95818, -0.258707;
	-0.915298, -0.00811586, 0.402694;
	0.383754, 0.286051, 0.878013
]
t: -11.0943  2.97082 -1.94664

Value 136: (gtsam::Pose3)
R: [
	-0.0359598, 0.989588, -0.139367;
	-0.930717, 0.0176279, 0.365314;
	0.363967, 0.142848, 0.920392
]
t: -11.2886  1.81964 -1.34872

Value 137: (gtsam::Pose3)
R: [
	0.111189, 0.981036, -0.15876;
	-0.967415, 0.143413, 0.208663;
	0.227475, 0.130386, 0.965015
]
t: -11.1992 0.826269  -0.8803

Value 138: (gtsam::Pose3)
R: [
	0.289468, 0.956156, -0.0444238;
	-0.949323, 0.292718, 0.114465;
	0.12245, 0.00903848, 0.992433
]
t:  -11.0927 -0.514527 -0.786614

Value 139: (gtsam::Pose3)
R: [
	0.414674, 0.90473, -0.0975178;
	-0.901392, 0.423079, 0.0921722;
	0.124649, 0.0496804, 0.990956
]
t:  -10.7046  -1.68107 -0.670802

Value 140: (gtsam::Pose3)
R: [
	0.525842, 0.841857, -0.121524;
	-0.837751, 0.537319, 0.0972732;
	0.147187, 0.0506566, 0.987811
]
t:  -10.0869  -2.97279 -0.433545

Value 141: (gtsam::Pose3)
R: [
	0.601978, 0.797439, -0.0413841;
	-0.793434, 0.603182, 0.0814518;
	0.089915, -0.0161966, 0.995818
]
t:  -9.45379  -4.16255 -0.245879

Value 142: (gtsam::Pose3)
R: [
	0.687629, 0.724741, -0.0437872;
	-0.725113, 0.688562, 0.00961103;
	0.0371157, 0.0251419, 0.998995
]
t:   -8.65101   -5.25347 -0.0932389

Value 143: (gtsam::Pose3)
R: [
	0.773193, 0.623611, -0.115251;
	-0.612361, 0.78142, 0.119988;
	0.164885, -0.0221987, 0.986063
]
t:   -7.6634   -6.2085 0.0229136

Value 144: (gtsam::Pose3)
R: [
	0.880423, 0.471005, -0.0548638;
	-0.462915, 0.878797, 0.115872;
	0.10279, -0.0766187, 0.991748
]
t: -6.60617 -7.16572 0.246173

Value 145: (gtsam::Pose3)
R: [
	0.902623, 0.408484, -0.135689;
	-0.399684, 0.912417, 0.0880238;
	0.159761, -0.0252196, 0.986833
]
t: -5.24974 -7.83758 0.422249

Value 146: (gtsam::Pose3)
R: [
	0.960983, 0.276116, 0.0164765;
	-0.274619, 0.945256, 0.17628;
	0.0330993, -0.173927, 0.984202
]
t:  -4.1015 -8.61782 0.650966

Value 147: (gtsam::Pose3)
R: [
	0.974264, 0.224839, 0.0160142;
	-0.224981, 0.965581, 0.130527;
	0.0138847, -0.130771, 0.991315
]
t: -2.61835 -8.98507 0.687815

Value 148: (gtsam::Pose3)
R: [
	0.998677, 0.0475291, -0.0196422;
	-0.0458507, 0.995858, 0.0785143;
	0.0232926, -0.0775098, 0.996719
]
t: -1.41362 -9.26148 0.732003

Value 149: (gtsam::Pose3)
R: [
	0.998857, -0.0404836, 0.0254028;
	0.0376522, 0.99392, 0.103465;
	-0.029437, -0.102391, 0.994309
]
t: -0.0071149   -9.24247   0.671479

Value 150: (gtsam::Pose3)
R: [
	0.983665, -0.170604, 0.0574266;
	0.164134, 0.981042, 0.103033;
	-0.0739157, -0.0919238, 0.993019
]
t:  1.45655 -8.99708 0.525942

Value 151: (gtsam::Pose3)
R: [
	0.962872, -0.26303, 0.0607655;
	0.254076, 0.959035, 0.125287;
	-0.0912306, -0.105197, 0.990258
]
t:  2.84273 -8.73919 0.379719

Value 152: (gtsam::Pose3)
R: [
	0.921736, -0.368329, 0.121392;
	0.358639, 0.928669, 0.0946139;
	-0.147582, -0.0436731, 0.988085
]
t:  4.17478 -8.14139 0.171679

Value 153: (gtsam::Pose3)
R: [
	0.845388, -0.517795, 0.131179;
	0.519455, 0.854163, 0.0239377;
	-0.124443, 0.047905, 0.99107
]
t:    5.44015   -7.64691 -0.0216846

Value 154: (gtsam::Pose3)
R: [
	0.776863, -0.614581, 0.137016;
	0.614983, 0.787285, 0.0444663;
	-0.135199, 0.0497186, 0.98957
]
t:   6.60824  -6.85532 -0.128686

Value 155: (gtsam::Pose3)
R: [
	0.709002, -0.696517, 0.110362;
	0.698882, 0.714898, 0.0220189;
	-0.0942341, 0.0615185, 0.993648
]
t:   7.66646  -5.86529 -0.328838

Value 156: (gtsam::Pose3)
R: [
	0.593149, -0.79954, 0.0943905;
	0.799165, 0.598922, 0.0512635;
	-0.0975198, 0.0450267, 0.994215
]
t:   8.60211  -4.96467 -0.481985

Value 157: (gtsam::Pose3)
R: [
	0.398497, -0.888647, 0.22695;
	0.870945, 0.44421, 0.210076;
	-0.287497, 0.113946, 0.950979
]
t:   9.53517  -3.89676 -0.683869

Value 158: (gtsam::Pose3)
R: [
	0.385503, -0.903746, 0.186092;
	0.893042, 0.41617, 0.171108;
	-0.232084, 0.100226, 0.967518
]
t:  10.1031 -2.53237 -1.08922

Value 159: (gtsam::Pose3)
R: [
	0.270502, -0.949397, 0.159605;
	0.931335, 0.300048, 0.206365;
	-0.243812, 0.0928234, 0.96537
]
t:   10.635 -1.17171 -1.54221

Value 160: (gtsam::Pose3)
R: [
	0.13662, -0.972189, 0.190218;
	0.968142, 0.171711, 0.182252;
	-0.209846, 0.159259, 0.964677
]
t:  11.1154 0.162526  -1.6383

Value 161: (gtsam::Pose3)
R: [
	-0.0480816, -0.986641, 0.155653;
	0.945374, 0.00535064, 0.325945;
	-0.322424, 0.162822, 0.932487
]
t:  11.2455  1.58994 -1.90112

Value 162: (gtsam::Pose3)
R: [
	-0.142548, -0.985918, 0.0874434;
	0.959539, -0.115977, 0.256581;
	-0.242826, 0.12048, 0.962559
]
t:  11.0759  2.83042 -2.46878

Value 163: (gtsam::Pose3)
R: [
	-0.286608, -0.955282, 0.0727484;
	0.884603, -0.234715, 0.402972;
	-0.367877, 0.179849, 0.912316
]
t:  11.0122  4.33243 -2.87252

Value 164: (gtsam::Pose3)
R: [
	-0.409849, -0.907953, 0.0874329;
	0.808745, -0.317383, 0.495175;
	-0.421846, 0.273658, 0.864382
]
t:  10.4463  5.60216 -3.27443

Value 165: (gtsam::Pose3)
R: [
	-0.545472, -0.837845, 0.0218446;
	0.752586, -0.478161, 0.452743;
	-0.368883, 0.263399, 0.891373
]
t:  9.82739  6.82531 -3.89065

Value 166: (gtsam::Pose3)
R: [
	-0.631466, -0.761665, 0.145316;
	0.699197, -0.478297, 0.531372;
	-0.335223, 0.437148, 0.834582
]
t:  9.09802  7.90553 -4.46093

Value 167: (gtsam::Pose3)
R: [
	-0.714997, -0.691211, 0.104913;
	0.645295, -0.594726, 0.479473;
	-0.269023, 0.410522, 0.871263
]
t:  8.14536  8.93761 -5.05982

Value 168: (gtsam::Pose3)
R: [
	-0.850297, -0.525213, 0.0338539;
	0.449795, -0.691785, 0.564906;
	-0.273277, 0.495565, 0.824461
]
t:  6.99406  9.80467 -5.65089

Value 169: (gtsam::Pose3)
R: [
	-0.833708, -0.552127, -0.00931774;
	0.467066, -0.714068, 0.521494;
	-0.294584, 0.430422, 0.853204
]
t:  5.78748  10.6147 -5.96769

Value 170: (gtsam::Pose3)
R: [
	-0.905604, -0.416478, 0.0801753;
	0.382147, -0.719261, 0.580195;
	-0.183972, 0.556066, 0.810522
]
t:  4.44292  11.3492 -6.34725

Value 171: (gtsam::Pose3)
R: [
	-0.959486, -0.261656, 0.104514;
	0.271594, -0.760171, 0.590234;
	-0.0749895, 0.594707, 0.800438
]
t: 3.02174  11.905 -6.7207

Value 172: (gtsam::Pose3)
R: [
	-0.975747, -0.185238, 0.116638;
	0.218258, -0.782483, 0.583167;
	-0.0167576, 0.594481, 0.803935
]
t:  1.46086  12.3833 -6.86907

Value 173: (gtsam::Pose3)
R: [
	-0.984909, -0.0433964, 0.167546;
	0.125724, -0.844693, 0.520275;
	0.118947, 0.533488, 0.837402
]
t: -0.00733265     12.6947     -6.8765

Value 174: (gtsam::Pose3)
R: [
	-0.99935, 0.0293102, -0.0209764;
	-0.0359913, -0.842669, 0.537228;
	-0.00192987, 0.537634, 0.843176
]
t: -1.60449  12.7977 -6.68031

Value 175: (gtsam::Pose3)
R: [
	-0.967569, 0.139136, -0.210837;
	-0.226901, -0.845538, 0.483302;
	-0.111026, 0.515467, 0.849687
]
t: -3.17138  12.7965 -6.74428

Value 176: (gtsam::Pose3)
R: [
	-0.951389, 0.254217, -0.173877;
	-0.307018, -0.827673, 0.469785;
	-0.024486, 0.500331, 0.865488
]
t: -4.72558  12.3864  -7.0044

Value 177: (gtsam::Pose3)
R: [
	-0.915628, 0.349705, -0.198321;
	-0.398901, -0.728893, 0.55641;
	0.0500243, 0.588575, 0.806893
]
t: -6.17283  11.7996 -6.89334

Value 178: (gtsam::Pose3)
R: [
	-0.86795, 0.488749, -0.0882454;
	-0.453815, -0.708281, 0.540731;
	0.20178, 0.509375, 0.836554
]
t: -7.68824  11.1641 -6.76919

Value 179: (gtsam::Pose3)
R: [
	-0.761507, 0.640921, -0.0965768;
	-0.580515, -0.608151, 0.541438;
	0.288285, 0.468373, 0.835176
]
t: -8.77221   10.413 -6.41514

Value 180: (gtsam::Pose3)
R: [
	-0.707902, 0.692905, -0.13696;
	-0.638536, -0.544943, 0.543423;
	0.301905, 0.472144, 0.828211
]
t: -10.1575  9.42639 -5.90636

Value 181: (gtsam::Pose3)
R: [
	-0.629002, 0.777013, -0.0246455;
	-0.654454, -0.512146, 0.556234;
	0.419579, 0.366002, 0.83066
]
t: -11.2377  8.41647 -5.41462

Value 182: (gtsam::Pose3)
R: [
	-0.556799, 0.828593, -0.0583815;
	-0.704984, -0.434226, 0.560755;
	0.439287, 0.353385, 0.825921
]
t: -12.3581  7.30382 -4.60035

Value 183: (gtsam::Pose3)
R: [
	-0.436081, 0.896381, -0.0795959;
	-0.781378, -0.333283, 0.527608;
	0.446409, 0.292274, 0.845751
]
t: -13.2129  6.07768 -3.94454

Value 184: (gtsam::Pose3)
R: [
	-0.244137, 0.960402, -0.134256;
	-0.899666, -0.172642, 0.400993;
	0.361936, 0.218683, 0.90619
]
t: -13.7271  4.86787 -3.18616

Value 185: (gtsam::Pose3)
R: [
	-0.0851692, 0.976821, -0.196383;
	-0.936052, -0.0109092, 0.351693;
	0.341399, 0.213778, 0.915285
]
t:  -14.066  3.27196 -2.55185

Value 186: (gtsam::Pose3)
R: [
	-0.0715954, 0.973206, -0.218504;
	-0.93337, 0.0118745, 0.358719;
	0.351702, 0.229628, 0.907511
]
t: -14.2267  1.61794 -1.95273

Value 187: (gtsam::Pose3)
R: [
	0.115813, 0.964058, -0.239123;
	-0.963914, 0.167182, 0.207171;
	0.239702, 0.206501, 0.948631
]
t: -14.1512 0.286322  -1.4698

Value 188: (gtsam::Pose3)
R: [
	0.350646, 0.907231, -0.232336;
	-0.92471, 0.37466, 0.0673889;
	0.148184, 0.191214, 0.970298
]
t: -14.0794 -1.30465 -1.01867

Value 189: (gtsam::Pose3)
R: [
	0.402651, 0.903375, -0.147599;
	-0.904849, 0.41718, 0.084905;
	0.138276, 0.0993676, 0.985396
]
t:  -13.4262  -2.78794 -0.921743

Value 190: (gtsam::Pose3)
R: [
	0.51824, 0.838971, -0.166;
	-0.846395, 0.530964, 0.0411304;
	0.122647, 0.119187, 0.985268
]
t:  -12.7485  -4.49794 -0.672709

Value 191: (gtsam::Pose3)
R: [
	0.611533, 0.779845, -0.133676;
	-0.783106, 0.620694, 0.0385268;
	0.113017, 0.0811219, 0.990276
]
t:  -11.8875  -6.03045 -0.368072

Value 192: (gtsam::Pose3)
R: [
	0.663526, 0.739586, -0.112902;
	-0.740407, 0.670795, 0.0427981;
	0.107387, 0.0551956, 0.992684
]
t: -10.7143 -7.39783 -0.27379

Value 193: (gtsam::Pose3)
R: [
	0.779503, 0.625041, -0.0412211;
	-0.625763, 0.779988, -0.00629249;
	0.0282189, 0.0306996, 0.99913
]
t:  -9.57259  -8.62454 0.0177751

Value 194: (gtsam::Pose3)
R: [
	0.836108, 0.539301, -0.100391;
	-0.545079, 0.837363, -0.0413738;
	0.0617507, 0.0893138, 0.994087
]
t: -7.96836 -9.73732 0.290368

Value 195: (gtsam::Pose3)
R: [
	0.821231, 0.500567, -0.273884;
	-0.510954, 0.858789, 0.0374998;
	0.25398, 0.109146, 0.961031
]
t: -6.36816  -10.646 0.416595

Value 196: (gtsam::Pose3)
R: [
	0.966728, 0.246577, -0.0680953;
	-0.246669, 0.969073, 0.00718821;
	0.0677617, 0.00984796, 0.997653
]
t:  -4.9705 -11.4725 0.852169

Value 197: (gtsam::Pose3)
R: [
	0.966003, 0.253115, -0.0526481;
	-0.254452, 0.966871, -0.0203579;
	0.045751, 0.0330622, 0.998406
]
t: -3.39249 -12.0253 0.970711

Value 198: (gtsam::Pose3)
R: [
	0.998374, 0.0231722, -0.0520896;
	-0.0255897, 0.998603, -0.0462322;
	0.0509455, 0.0474899, 0.997572
]
t: -1.62323  -12.224 0.924841

Value 199: (gtsam::Pose3)
R: [
	0.999041, 0.00566373, 0.0434059;
	-0.00417824, 0.999405, -0.0342378;
	-0.043574, 0.0340236, 0.998471
]
t: 0.153182 -12.2409 0.853801

Value 200: (gtsam::Pose3)
R: [
	0.982294, -0.161984, 0.0941267;
	0.165482, 0.985739, -0.0305718;
	-0.0878322, 0.0456068, 0.995091
]
t:  2.03074 -11.9699 0.672393

Value 201: (gtsam::Pose3)
R: [
	0.944313, -0.308206, 0.115249;
	0.30343, 0.951126, 0.0573533;
	-0.127293, -0.0191893, 0.991679
]
t:  3.70724 -11.6882 0.513122

Value 202: (gtsam::Pose3)
R: [
	0.893447, -0.423273, 0.150311;
	0.433343, 0.900318, -0.0405041;
	-0.118183, 0.101324, 0.987809
]
t:  5.40405 -10.9707 0.251155

Value 203: (gtsam::Pose3)
R: [
	0.848325, -0.507855, 0.14976;
	0.50831, 0.86033, 0.0381309;
	-0.148208, 0.0437773, 0.987987
]
t:   7.02162  -10.2165 -0.134581

Value 204: (gtsam::Pose3)
R: [
	0.799366, -0.585492, 0.134955;
	0.589368, 0.807753, 0.0134316;
	-0.116874, 0.0688015, 0.990761
]
t:   8.61283  -9.21058 -0.318888

Value 205: (gtsam::Pose3)
R: [
	0.686465, -0.710815, 0.153323;
	0.713822, 0.698925, 0.0442983;
	-0.138649, 0.0790363, 0.987183
]
t:   9.77179  -8.16012 -0.553615

Value 206: (gtsam::Pose3)
R: [
	0.633707, -0.753773, 0.173901;
	0.764015, 0.645087, 0.0120009;
	-0.121227, 0.125258, 0.98469
]
t:   11.0967  -6.77296 -0.757829

Value 207: (gtsam::Pose3)
R: [
	0.476615, -0.83046, 0.288398;
	0.852705, 0.516516, 0.0781354;
	-0.213851, 0.208678, 0.954317
]
t:   12.2941  -5.24923 -0.979825

Value 208: (gtsam::Pose3)
R: [
	0.342463, -0.87621, 0.33908;
	0.913342, 0.395098, 0.0985094;
	-0.220285, 0.27596, 0.935586
]
t:  12.9941 -3.76539 -1.46878

Value 209: (gtsam::Pose3)
R: [
	0.230423, -0.951143, 0.205507;
	0.957119, 0.259635, 0.128505;
	-0.175583, 0.167084, 0.970182
]
t:  13.5495  -2.1013 -1.85834

Value 210: (gtsam::Pose3)
R: [
	0.109501, -0.976947, 0.18326;
	0.983774, 0.132879, 0.120551;
	-0.142123, 0.167086, 0.975645
]
t:   14.0064 -0.378167  -2.25276

Value 211: (gtsam::Pose3)
R: [
	-0.0769158, -0.979401, 0.1867;
	0.968282, -0.0287282, 0.248205;
	-0.237728, 0.199869, 0.950546
]
t:  14.3101  1.34605 -2.53244

Value 212: (gtsam::Pose3)
R: [
	-0.197026, -0.968102, 0.154785;
	0.950854, -0.150226, 0.270756;
	-0.238866, 0.200524, 0.950123
]
t: 14.1561 3.16069 -2.8637

Value 213: (gtsam::Pose3)
R: [
	-0.291375, -0.944892, 0.149265;
	0.894077, -0.213504, 0.393753;
	-0.340185, 0.248185, 0.907016
]
t:   13.768  5.02869 -3.46061

Value 214: (gtsam::Pose3)
R: [
	-0.375691, -0.913275, 0.157432;
	0.809587, -0.240751, 0.535357;
	-0.451027, 0.328584, 0.829824
]
t:  13.2222  6.63972 -4.02614

Value 215: (gtsam::Pose3)
R: [
	-0.522816, -0.852163, 0.0219517;
	0.721975, -0.428958, 0.542906;
	-0.453228, 0.299689, 0.839506
]
t:  12.3612  8.11765 -4.87909

Value 216: (gtsam::Pose3)
R: [
	-0.599571, -0.796444, 0.0786865;
	0.707414, -0.481421, 0.517493;
	-0.374273, 0.365938, 0.852062
]
t:   11.361  9.32569 -5.81138

Value 217: (gtsam::Pose3)
R: [
	-0.694532, -0.71349, 0.0925108;
	0.646222, -0.562128, 0.516148;
	-0.316263, 0.418264, 0.851489
]
t:   10.128  10.5697 -6.49529

Value 218: (gtsam::Pose3)
R: [
	-0.789689, -0.613453, -0.00822394;
	0.507069, -0.660172, 0.554125;
	-0.345358, 0.433416, 0.832393
]
t: 8.64868  11.839 -7.1052

Value 219: (gtsam::Pose3)
R: [
	-0.875859, -0.478004, 0.0662138;
	0.404671, -0.652779, 0.640406;
	-0.262894, 0.5877, 0.765177
]
t:   7.3998  12.8101 -7.69028

Value 220: (gtsam::Pose3)
R: [
	-0.909048, -0.399442, 0.118647;
	0.389867, -0.714814, 0.580555;
	-0.147087, 0.574009, 0.80553
]
t:  5.77568  13.5547 -8.11654

Value 221: (gtsam::Pose3)
R: [
	-0.926832, -0.361194, 0.102578;
	0.351269, -0.737584, 0.576698;
	-0.13264, 0.570535, 0.810492
]
t: 3.86639 14.2782  -8.435

Value 222: (gtsam::Pose3)
R: [
	-0.947752, -0.276308, 0.159437;
	0.318952, -0.811385, 0.48982;
	-0.00597638, 0.515081, 0.857121
]
t:     2.08  14.8001 -8.65111

Value 223: (gtsam::Pose3)
R: [
	-0.991394, -0.0949984, 0.0900775;
	0.128718, -0.83286, 0.538308;
	0.0238836, 0.54527, 0.83792
]
t: 0.241994  15.2426 -8.57632

Value 224: (gtsam::Pose3)
R: [
	-0.996839, 0.0483902, -0.0630073;
	-0.0764615, -0.799681, 0.595536;
	-0.0215676, 0.598471, 0.800854
]
t: -1.92701  15.3869 -8.38312

Value 225: (gtsam::Pose3)
R: [
	-0.956364, 0.215319, -0.197501;
	-0.289001, -0.796546, 0.531029;
	-0.0429778, 0.564935, 0.824015
]
t:  -3.5665  15.3007 -8.57104

Value 226: (gtsam::Pose3)
R: [
	-0.947552, 0.237577, -0.213782;
	-0.31353, -0.820751, 0.477562;
	-0.0620039, 0.519542, 0.852192
]
t: -5.48731  14.7767 -8.63844

Value 227: (gtsam::Pose3)
R: [
	-0.909491, 0.409479, -0.0717876;
	-0.391409, -0.785242, 0.479786;
	0.140091, 0.464459, 0.874444
]
t: -7.29456   14.099 -8.79762

Value 228: (gtsam::Pose3)
R: [
	-0.821923, 0.569077, 0.0243574;
	-0.48375, -0.719983, 0.497605;
	0.300712, 0.39721, 0.867062
]
t: -9.06442  13.2014 -8.45779

Value 229: (gtsam::Pose3)
R: [
	-0.757011, 0.649076, -0.075061;
	-0.571896, -0.602634, 0.556567;
	0.31602, 0.464254, 0.827405
]
t: -10.7292  12.1754 -7.92361

Value 230: (gtsam::Pose3)
R: [
	-0.687316, 0.718711, -0.105128;
	-0.638691, -0.529067, 0.558714;
	0.345935, 0.451157, 0.82267
]
t: -12.2397  10.9552 -7.32764

Value 231: (gtsam::Pose3)
R: [
	-0.590314, 0.807073, 0.0127614;
	-0.637427, -0.475813, 0.606044;
	0.495194, 0.349622, 0.795329
]
t: -13.5787  9.80772 -6.75382

Value 232: (gtsam::Pose3)
R: [
	-0.55596, 0.826126, -0.0917851;
	-0.72053, -0.42393, 0.548743;
	0.414421, 0.371213, 0.830937
]
t: -14.9831  8.49917 -5.69744

Value 233: (gtsam::Pose3)
R: [
	-0.412635, 0.897376, -0.156363;
	-0.811992, -0.284579, 0.509592;
	0.412798, 0.337241, 0.846089
]
t: -15.9442  7.11448 -4.82775

Value 234: (gtsam::Pose3)
R: [
	-0.232683, 0.952836, -0.194841;
	-0.921427, -0.151881, 0.357638;
	0.311178, 0.262748, 0.913308
]
t: -16.6069  5.49409 -4.09131

Value 235: (gtsam::Pose3)
R: [
	-0.101507, 0.974468, -0.200271;
	-0.94261, -0.0298417, 0.332558;
	0.318091, 0.222535, 0.921573
]
t:  -17.104  3.37739 -3.40258

Value 236: (gtsam::Pose3)
R: [
	-0.0206729, 0.969456, -0.244394;
	-0.958989, 0.0498893, 0.279019;
	0.282689, 0.240139, 0.928666
]
t:  -17.219  1.48063 -2.69914

Value 237: (gtsam::Pose3)
R: [
	0.111113, 0.954438, -0.276952;
	-0.950247, 0.183636, 0.251612;
	0.291007, 0.235216, 0.927356
]
t:  -17.0508 -0.481211  -2.09352

Value 238: (gtsam::Pose3)
R: [
	0.304381, 0.92857, -0.21239;
	-0.933681, 0.335001, 0.126547;
	0.188659, 0.159786, 0.968956
]
t: -16.8283 -2.50571 -1.63604

Value 239: (gtsam::Pose3)
R: [
	0.385614, 0.914877, -0.119591;
	-0.905923, 0.400001, 0.138935;
	0.174945, 0.0547653, 0.983054
]
t: -16.2753 -4.30606 -1.33878

Value 240: (gtsam::Pose3)
R: [
	0.500004, 0.850637, -0.162521;
	-0.85819, 0.511862, 0.0388304;
	0.116219, 0.120058, 0.985941
]
t:  -15.2233  -6.28822 -0.971069

Value 241: (gtsam::Pose3)
R: [
	0.581274, 0.790567, -0.192675;
	-0.804141, 0.594307, 0.0125254;
	0.124411, 0.147657, 0.981183
]
t:  -14.3162  -7.95473 -0.730825

Value 242: (gtsam::Pose3)
R: [
	0.740355, 0.649448, -0.17347;
	-0.665272, 0.744887, -0.050569;
	0.0963738, 0.152844, 0.98354
]
t:  -13.0642  -9.49015 -0.609123

Value 243: (gtsam::Pose3)
R: [
	0.815581, 0.556805, -0.157464;
	-0.567412, 0.822924, -0.0289777;
	0.113446, 0.112981, 0.987099
]
t:  -11.4927  -10.8734 -0.325062

Value 244: (gtsam::Pose3)
R: [
	0.84683, 0.497263, -0.188701;
	-0.506922, 0.861985, -0.00340984;
	0.160962, 0.0985445, 0.982029
]
t:   -9.71921   -12.1951 -0.0499701

Value 245: (gtsam::Pose3)
R: [
	0.873517, 0.446843, -0.193133;
	-0.452712, 0.891528, 0.0151247;
	0.178942, 0.074222, 0.981056
]
t:  -7.96143  -13.3441 0.0608481

Value 246: (gtsam::Pose3)
R: [
	0.940949, 0.317491, -0.117533;
	-0.3277, 0.941329, -0.080702;
	0.0850152, 0.114452, 0.989784
]
t: -5.96864  -14.421 0.315573

Value 247: (gtsam::Pose3)
R: [
	0.970047, 0.225466, -0.0904124;
	-0.235798, 0.963417, -0.127383;
