/home/ubuntu/slam-experiments/2024-04-01_prediction-model/scripts/../output/incremental_w10000_steps-100
Incremental optimization
Loading w10000
Parameters: K = 1, epsilon = 0.01, max_optimization_iter = 10, opt_stop_cond = 0.001, relinearize_skip = 4, print_frequency = 100
measurements.size() = 64311
values.size() = 10000 Playing forward time steps...
step = 2
step = 3
step = 4
step = 5
step = 6
step = 7
step = 8
step = 9
step = 10
step = 11
step = 12
step = 13
step = 14
step = 15
step = 16
step = 17
step = 18
step = 19
step = 20
step = 21
step = 22
step = 23
step = 24
step = 25
step = 26
step = 27
step = 28
step = 29
step = 30
step = 31
step = 32
step = 33
step = 34
step = 35
step = 36
step = 37
step = 38
step = 39
step = 40
step = 41
step = 42
step = 43
step = 44
step = 45
step = 46
step = 47
step = 48
step = 49
step = 50
step = 51
step = 52
step = 53
step = 54
step = 55
step = 56
step = 57
step = 58
step = 59
step = 60
step = 61
step = 62
step = 63
step = 64
step = 65
step = 66
step = 67
step = 68
step = 69
step = 70
step = 71
step = 72
step = 73
step = 74
step = 75
step = 76
step = 77
step = 78
step = 79
step = 80
step = 81
step = 82
step = 83
step = 84
step = 85
step = 86
step = 87
step = 88
step = 89
step = 90
step = 91
step = 92
step = 93
step = 94
step = 95
step = 96
step = 97
step = 98
step = 99
step = 100
final_chi2 = 0.00187798, final_error = 0.597199
step = 0, update_time = 0 us, calc_time = 0 us
step = 1, update_time = 246 us, calc_time = 0 us
step = 2, update_time = 62 us, calc_time = 0 us
step = 3, update_time = 52 us, calc_time = 0 us
step = 4, update_time = 57 us, calc_time = 0 us
step = 5, update_time = 59 us, calc_time = 0 us
step = 6, update_time = 82 us, calc_time = 0 us
step = 7, update_time = 75 us, calc_time = 0 us
step = 8, update_time = 77 us, calc_time = 0 us
step = 9, update_time = 39 us, calc_time = 0 us
step = 10, update_time = 44 us, calc_time = 0 us
step = 11, update_time = 38 us, calc_time = 0 us
step = 12, update_time = 42 us, calc_time = 0 us
step = 13, update_time = 72 us, calc_time = 0 us
step = 14, update_time = 73 us, calc_time = 0 us
step = 15, update_time = 80 us, calc_time = 0 us
step = 16, update_time = 82 us, calc_time = 0 us
step = 17, update_time = 33 us, calc_time = 0 us
step = 18, update_time = 144 us, calc_time = 0 us
step = 19, update_time = 179 us, calc_time = 0 us
step = 20, update_time = 181 us, calc_time = 0 us
step = 21, update_time = 183 us, calc_time = 0 us
step = 22, update_time = 194 us, calc_time = 0 us
step = 23, update_time = 202 us, calc_time = 0 us
step = 24, update_time = 219 us, calc_time = 0 us
step = 25, update_time = 224 us, calc_time = 0 us
step = 26, update_time = 247 us, calc_time = 0 us
step = 27, update_time = 236 us, calc_time = 0 us
step = 28, update_time = 246 us, calc_time = 0 us
step = 29, update_time = 262 us, calc_time = 0 us
step = 30, update_time = 266 us, calc_time = 0 us
step = 31, update_time = 272 us, calc_time = 0 us
step = 32, update_time = 316 us, calc_time = 0 us
step = 33, update_time = 302 us, calc_time = 0 us
step = 34, update_time = 338 us, calc_time = 0 us
step = 35, update_time = 332 us, calc_time = 0 us
step = 36, update_time = 327 us, calc_time = 0 us
step = 37, update_time = 328 us, calc_time = 0 us
step = 38, update_time = 364 us, calc_time = 0 us
step = 39, update_time = 403 us, calc_time = 0 us
step = 40, update_time = 395 us, calc_time = 0 us
step = 41, update_time = 418 us, calc_time = 0 us
step = 42, update_time = 416 us, calc_time = 0 us
step = 43, update_time = 448 us, calc_time = 0 us
step = 44, update_time = 453 us, calc_time = 0 us
step = 45, update_time = 514 us, calc_time = 0 us
step = 46, update_time = 473 us, calc_time = 1 us
step = 47, update_time = 510 us, calc_time = 0 us
step = 48, update_time = 508 us, calc_time = 0 us
step = 49, update_time = 524 us, calc_time = 0 us
step = 50, update_time = 525 us, calc_time = 0 us
step = 51, update_time = 553 us, calc_time = 0 us
step = 52, update_time = 554 us, calc_time = 0 us
step = 53, update_time = 578 us, calc_time = 0 us
step = 54, update_time = 593 us, calc_time = 0 us
step = 55, update_time = 717 us, calc_time = 0 us
step = 56, update_time = 635 us, calc_time = 0 us
step = 57, update_time = 630 us, calc_time = 0 us
step = 58, update_time = 680 us, calc_time = 0 us
step = 59, update_time = 719 us, calc_time = 0 us
step = 60, update_time = 168 us, calc_time = 0 us
step = 61, update_time = 67 us, calc_time = 0 us
step = 62, update_time = 62 us, calc_time = 0 us
step = 63, update_time = 63 us, calc_time = 0 us
step = 64, update_time = 69 us, calc_time = 0 us
step = 65, update_time = 76 us, calc_time = 0 us
step = 66, update_time = 44 us, calc_time = 0 us
step = 67, update_time = 42 us, calc_time = 0 us
step = 68, update_time = 45 us, calc_time = 0 us
step = 69, update_time = 51 us, calc_time = 0 us
step = 70, update_time = 54 us, calc_time = 0 us
step = 71, update_time = 57 us, calc_time = 0 us
step = 72, update_time = 63 us, calc_time = 0 us
step = 73, update_time = 66 us, calc_time = 0 us
step = 74, update_time = 38 us, calc_time = 0 us
step = 75, update_time = 41 us, calc_time = 0 us
step = 76, update_time = 44 us, calc_time = 0 us
step = 77, update_time = 54 us, calc_time = 0 us
step = 78, update_time = 53 us, calc_time = 0 us
step = 79, update_time = 58 us, calc_time = 0 us
step = 80, update_time = 63 us, calc_time = 0 us
step = 81, update_time = 67 us, calc_time = 0 us
step = 82, update_time = 48 us, calc_time = 0 us
step = 83, update_time = 143 us, calc_time = 0 us
step = 84, update_time = 206 us, calc_time = 0 us
step = 85, update_time = 179 us, calc_time = 0 us
step = 86, update_time = 62 us, calc_time = 0 us
step = 87, update_time = 66 us, calc_time = 0 us
step = 88, update_time = 69 us, calc_time = 0 us
step = 89, update_time = 149 us, calc_time = 0 us
step = 90, update_time = 40 us, calc_time = 0 us
step = 91, update_time = 43 us, calc_time = 0 us
step = 92, update_time = 45 us, calc_time = 0 us
step = 93, update_time = 51 us, calc_time = 0 us
step = 94, update_time = 58 us, calc_time = 0 us
step = 95, update_time = 59 us, calc_time = 0 us
step = 96, update_time = 72 us, calc_time = 0 us
step = 97, update_time = 72 us, calc_time = 0 us
step = 98, update_time = 321 us, calc_time = 0 us
Values with 101 values:
Value 0: (gtsam::Pose2)
(1.43528e-06, 9.91006e-07, 5.20322e-06)

Value 1: (gtsam::Pose2)
(0.995134, -0.0458543, 0.00570933)

Value 2: (gtsam::Pose2)
(2.01305, -0.0346104, 0.00678414)

Value 3: (gtsam::Pose2)
(2.98899, -0.0354372, 0.0235186)

Value 4: (gtsam::Pose2)
(4.03946, 0.0190345, 0.0102609)

Value 5: (gtsam::Pose2)
(5.01234, -0.0234909, 0.00694046)

Value 6: (gtsam::Pose2)
(5.00561, 0.981695, 1.58249)

Value 7: (gtsam::Pose2)
(5.00343, 2.0151, 1.58972)

Value 8: (gtsam::Pose2)
(4.99583, 2.95586, 1.59461)

Value 9: (gtsam::Pose2)
(4.9933, 3.99951, 1.5987)

Value 10: (gtsam::Pose2)
(4.96792, 5.00445, 1.59055)

Value 11: (gtsam::Pose2)
(3.94425, 5.00506, -3.11504)

Value 12: (gtsam::Pose2)
(2.95779, 4.96561, -3.13011)

Value 13: (gtsam::Pose2)
(1.9567, 4.89468, -3.13389)

Value 14: (gtsam::Pose2)
(0.981081, 4.89303, 3.12929)

Value 15: (gtsam::Pose2)
(-0.0194831, 4.90883, 3.12126)

Value 16: (gtsam::Pose2)
(-0.0340965, 3.94657, -1.56836)

Value 17: (gtsam::Pose2)
(-0.0169107, 2.96525, -1.56328)

Value 18: (gtsam::Pose2)
(-0.0217206, 1.96224, -1.56629)

Value 19: (gtsam::Pose2)
(-0.0241564, 0.95471, -1.56259)

Value 20: (gtsam::Pose2)
(-0.000211456, -0.00665106, -1.57265)

Value 21: (gtsam::Pose2)
(1.00834, -0.00613312, -0.00267332)

Value 22: (gtsam::Pose2)
(1.9815, -0.0182753, -0.00760216)

Value 23: (gtsam::Pose2)
(3.0017, -0.0390419, 0.0107508)

Value 24: (gtsam::Pose2)
(4.03123, 0.00654047, 0.0123565)

Value 25: (gtsam::Pose2)
(5.04883, -0.0295184, -0.0102369)

Value 26: (gtsam::Pose2)
(5.00697, 0.988841, 1.58986)

Value 27: (gtsam::Pose2)
(5.02536, 2.00783, 1.59834)

Value 28: (gtsam::Pose2)
(4.9664, 2.99655, 1.59322)

Value 29: (gtsam::Pose2)
(4.98663, 3.97905, 1.60009)

Value 30: (gtsam::Pose2)
(4.9557, 5.00322, 1.60611)

Value 31: (gtsam::Pose2)
(3.97722, 4.97491, -3.12137)

Value 32: (gtsam::Pose2)
(2.95892, 4.94878, -3.11675)

Value 33: (gtsam::Pose2)
(1.96413, 4.91259, 3.13987)

Value 34: (gtsam::Pose2)
(0.984912, 4.90179, -3.13687)

Value 35: (gtsam::Pose2)
(-0.0105144, 4.94585, 3.12957)

Value 36: (gtsam::Pose2)
(-0.01977, 3.95965, -1.57503)

Value 37: (gtsam::Pose2)
(-0.0265719, 2.95236, -1.5739)

Value 38: (gtsam::Pose2)
(-0.0373384, 2.00978, -1.56002)

Value 39: (gtsam::Pose2)
(-0.0204141, 0.980779, -1.58197)

Value 40: (gtsam::Pose2)
(-0.012189, -0.00458577, -1.56162)

Value 41: (gtsam::Pose2)
(1.0094, 0.00222825, -0.000264172)

Value 42: (gtsam::Pose2)
(1.99281, -0.0290229, 0.000589299)

Value 43: (gtsam::Pose2)
(3.01182, -0.0431337, -0.00272315)

Value 44: (gtsam::Pose2)
(4.01182, -0.0338753, 0.00828857)

Value 45: (gtsam::Pose2)
(5.0456, -0.0121439, 0.00545337)

Value 46: (gtsam::Pose2)
(5.03819, 1.01058, 1.5891)

Value 47: (gtsam::Pose2)
(5.02029, 2.00263, 1.5655)

Value 48: (gtsam::Pose2)
(4.95537, 2.95549, 1.59795)

Value 49: (gtsam::Pose2)
(4.98764, 3.96453, 1.59645)

Value 50: (gtsam::Pose2)
(4.93955, 4.98528, 1.59102)

Value 51: (gtsam::Pose2)
(3.9263, 5.00842, -3.11693)

Value 52: (gtsam::Pose2)
(2.92681, 4.94098, -3.13051)

Value 53: (gtsam::Pose2)
(1.96559, 4.91876, -3.13659)

Value 54: (gtsam::Pose2)
(1.00158, 4.95388, 3.12706)

Value 55: (gtsam::Pose2)
(-0.0103323, 4.96238, 3.12901)

Value 56: (gtsam::Pose2)
(0.000619825, 3.94847, -1.57865)

Value 57: (gtsam::Pose2)
(-0.0151029, 2.94368, -1.56248)

Value 58: (gtsam::Pose2)
(-0.0346651, 1.93238, -1.56952)

Value 59: (gtsam::Pose2)
(-0.00725955, 1.0077, -1.5613)

Value 60: (gtsam::Pose2)
(-0.0010015, -0.0228099, -1.57754)

Value 61: (gtsam::Pose2)
(-1.01459, -0.0396931, 3.13893)

Value 62: (gtsam::Pose2)
(-2.08252, -0.0584716, 3.11355)

Value 63: (gtsam::Pose2)
(-3.08177, 0.0469587, 3.09932)

Value 64: (gtsam::Pose2)
(-4.12712, 0.158599, 3.08041)

Value 65: (gtsam::Pose2)
(-5.13107, 0.157169, 3.08883)

Value 66: (gtsam::Pose2)
(-5.14713, 1.19393, 1.52176)

Value 67: (gtsam::Pose2)
(-5.10942, 2.21182, 1.5226)

Value 68: (gtsam::Pose2)
(-5.09016, 3.21885, 1.52631)

Value 69: (gtsam::Pose2)
(-5.07293, 4.24922, 1.56691)

Value 70: (gtsam::Pose2)
(-5.05711, 5.18427, 1.57362)

Value 71: (gtsam::Pose2)
(-6.00728, 5.29962, 3.1324)

Value 72: (gtsam::Pose2)
(-6.99464, 5.19028, -3.11982)

Value 73: (gtsam::Pose2)
(-8.00148, 5.25569, 3.13108)

Value 74: (gtsam::Pose2)
(-8.92652, 5.32516, 3.10642)

Value 75: (gtsam::Pose2)
(-9.93322, 5.37416, 3.11419)

Value 76: (gtsam::Pose2)
(-9.90161, 4.46229, -1.601)

Value 77: (gtsam::Pose2)
(-9.83843, 3.37732, -1.56522)

Value 78: (gtsam::Pose2)
(-9.92087, 2.35048, -1.58329)

Value 79: (gtsam::Pose2)
(-9.95384, 1.28136, -1.59372)

Value 80: (gtsam::Pose2)
(-10.0705, 0.258921, -1.61854)

Value 81: (gtsam::Pose2)
(-9.10966, 0.256492, -0.0452264)

Value 82: (gtsam::Pose2)
(-8.07098, 0.149639, -0.0484638)

Value 83: (gtsam::Pose2)
(-7.1315, 0.158423, -0.0544129)

Value 84: (gtsam::Pose2)
(-6.11891, 0.176507, -0.0357012)

Value 85: (gtsam::Pose2)
(-5.16737, 0.144765, -0.0356374)

Value 86: (gtsam::Pose2)
(-5.13172, -0.8498, -1.61392)

Value 87: (gtsam::Pose2)
(-5.19054, -1.76468, -1.59359)

Value 88: (gtsam::Pose2)
(-5.10849, -2.84495, -1.5912)

Value 89: (gtsam::Pose2)
(-5.10145, -3.84986, -1.57494)

Value 90: (gtsam::Pose2)
(-5.07846, -4.87908, -1.5641)

Value 91: (gtsam::Pose2)
(-4.13797, -4.89356, 0.00716661)

Value 92: (gtsam::Pose2)
(-2.98475, -4.79205, 0.0223854)

Value 93: (gtsam::Pose2)
(-1.94341, -4.88235, -0.00900918)

Value 94: (gtsam::Pose2)
(-0.866133, -4.95674, -0.00581877)

Value 95: (gtsam::Pose2)
(0.0497386, -4.99825, 0.00231485)

Value 96: (gtsam::Pose2)
(-0.0556967, -4.01215, 1.5692)

Value 97: (gtsam::Pose2)
(-0.0133682, -3.07649, 1.55129)

Value 98: (gtsam::Pose2)
(0.0480939, -2.04093, 1.54637)

Value 99: (gtsam::Pose2)
(5.61605e-05, -1.03704, 1.56524)

Value 100: (gtsam::Pose2)
(-0.0255184, -0.0173181, 1.57706)

Total: 0.00 seconds
/home/ubuntu/slam-experiments/2024-04-01_prediction-model/scripts/../output/incremental_sphere2500_steps-100
Incremental optimization
Loading sphere2500
Parameters: K = 1, epsilon = 0.01, max_optimization_iter = 10, opt_stop_cond = 0.001, relinearize_skip = 4, print_frequency = 100
measurements.size() = 4949
values.size() = 0 Playing forward time steps...
step = 2
step = 3
step = 4
step = 5
step = 6
step = 7
step = 8
step = 9
step = 10
step = 11
step = 12
step = 13
step = 14
step = 15
step = 16
step = 17
step = 18
step = 19
step = 20
step = 21
step = 22
step = 23
step = 24
step = 25
step = 26
step = 27
step = 28
step = 29
step = 30
step = 31
step = 32
step = 33
step = 34
step = 35
step = 36
step = 37
step = 38
step = 39
step = 40
step = 41
step = 42
step = 43
step = 44
step = 45
step = 46
step = 47
step = 48
step = 49
step = 50
step = 51
step = 52
step = 53
step = 54
step = 55
step = 56
step = 57
step = 58
step = 59
step = 60
step = 61
step = 62
step = 63
step = 64
step = 65
step = 66
step = 67
step = 68
step = 69
step = 70
step = 71
step = 72
step = 73
step = 74
step = 75
step = 76
step = 77
step = 78
step = 79
step = 80
step = 81
step = 82
step = 83
step = 84
step = 85
step = 86
step = 87
step = 88
step = 89
step = 90
step = 91
step = 92
step = 93
step = 94
step = 95
step = 96
step = 97
step = 98
step = 99
step = 100
final_chi2 = 0.14873, final_error = 22.7557
step = 0, update_time = 0 us, calc_time = 0 us
step = 1, update_time = 259 us, calc_time = 0 us
step = 2, update_time = 67 us, calc_time = 0 us
step = 3, update_time = 97 us, calc_time = 0 us
step = 4, update_time = 108 us, calc_time = 1 us
step = 5, update_time = 61 us, calc_time = 0 us
step = 6, update_time = 97 us, calc_time = 0 us
step = 7, update_time = 74 us, calc_time = 0 us
step = 8, update_time = 106 us, calc_time = 0 us
step = 9, update_time = 46 us, calc_time = 0 us
step = 10, update_time = 69 us, calc_time = 0 us
step = 11, update_time = 58 us, calc_time = 0 us
step = 12, update_time = 70 us, calc_time = 0 us
step = 13, update_time = 68 us, calc_time = 1 us
step = 14, update_time = 81 us, calc_time = 0 us
step = 15, update_time = 55 us, calc_time = 0 us
step = 16, update_time = 111 us, calc_time = 0 us
step = 17, update_time = 44 us, calc_time = 0 us
step = 18, update_time = 57 us, calc_time = 0 us
step = 19, update_time = 56 us, calc_time = 0 us
step = 20, update_time = 59 us, calc_time = 0 us
step = 21, update_time = 40 us, calc_time = 0 us
step = 22, update_time = 82 us, calc_time = 0 us
step = 23, update_time = 58 us, calc_time = 0 us
step = 24, update_time = 62 us, calc_time = 0 us
step = 25, update_time = 46 us, calc_time = 0 us
step = 26, update_time = 45 us, calc_time = 0 us
step = 27, update_time = 65 us, calc_time = 0 us
step = 28, update_time = 70 us, calc_time = 0 us
step = 29, update_time = 42 us, calc_time = 0 us
step = 30, update_time = 60 us, calc_time = 0 us
step = 31, update_time = 57 us, calc_time = 0 us
step = 32, update_time = 60 us, calc_time = 0 us
step = 33, update_time = 43 us, calc_time = 0 us
step = 34, update_time = 48 us, calc_time = 0 us
step = 35, update_time = 77 us, calc_time = 0 us
step = 36, update_time = 79 us, calc_time = 0 us
step = 37, update_time = 42 us, calc_time = 0 us
step = 38, update_time = 73 us, calc_time = 0 us
step = 39, update_time = 54 us, calc_time = 0 us
step = 40, update_time = 61 us, calc_time = 0 us
step = 41, update_time = 45 us, calc_time = 0 us
step = 42, update_time = 46 us, calc_time = 0 us
step = 43, update_time = 54 us, calc_time = 0 us
step = 44, update_time = 60 us, calc_time = 0 us
step = 45, update_time = 44 us, calc_time = 0 us
step = 46, update_time = 51 us, calc_time = 0 us
step = 47, update_time = 68 us, calc_time = 0 us
step = 48, update_time = 65 us, calc_time = 0 us
step = 49, update_time = 704 us, calc_time = 0 us
step = 50, update_time = 696 us, calc_time = 0 us
step = 51, update_time = 639 us, calc_time = 0 us
step = 52, update_time = 714 us, calc_time = 0 us
step = 53, update_time = 591 us, calc_time = 0 us
step = 54, update_time = 693 us, calc_time = 0 us
step = 55, update_time = 731 us, calc_time = 0 us
step = 56, update_time = 720 us, calc_time = 0 us
step = 57, update_time = 727 us, calc_time = 0 us
step = 58, update_time = 863 us, calc_time = 0 us
step = 59, update_time = 710 us, calc_time = 0 us
step = 60, update_time = 758 us, calc_time = 0 us
step = 61, update_time = 772 us, calc_time = 0 us
step = 62, update_time = 818 us, calc_time = 0 us
step = 63, update_time = 917 us, calc_time = 0 us
step = 64, update_time = 834 us, calc_time = 0 us
step = 65, update_time = 808 us, calc_time = 0 us
step = 66, update_time = 923 us, calc_time = 0 us
step = 67, update_time = 905 us, calc_time = 1 us
step = 68, update_time = 893 us, calc_time = 0 us
step = 69, update_time = 907 us, calc_time = 0 us
step = 70, update_time = 877 us, calc_time = 0 us
step = 71, update_time = 957 us, calc_time = 0 us
step = 72, update_time = 876 us, calc_time = 0 us
step = 73, update_time = 976 us, calc_time = 1 us
step = 74, update_time = 1022 us, calc_time = 0 us
step = 75, update_time = 1054 us, calc_time = 0 us
step = 76, update_time = 982 us, calc_time = 0 us
step = 77, update_time = 1102 us, calc_time = 0 us
step = 78, update_time = 1184 us, calc_time = 0 us
step = 79, update_time = 1153 us, calc_time = 0 us
step = 80, update_time = 1131 us, calc_time = 0 us
step = 81, update_time = 1224 us, calc_time = 0 us
step = 82, update_time = 1157 us, calc_time = 0 us
step = 83, update_time = 1122 us, calc_time = 1 us
step = 84, update_time = 1103 us, calc_time = 0 us
step = 85, update_time = 1120 us, calc_time = 0 us
step = 86, update_time = 1109 us, calc_time = 0 us
step = 87, update_time = 1101 us, calc_time = 0 us
step = 88, update_time = 1178 us, calc_time = 0 us
step = 89, update_time = 1165 us, calc_time = 0 us
step = 90, update_time = 1252 us, calc_time = 0 us
step = 91, update_time = 1225 us, calc_time = 0 us
step = 92, update_time = 1246 us, calc_time = 1 us
step = 93, update_time = 1344 us, calc_time = 0 us
step = 94, update_time = 1285 us, calc_time = 0 us
step = 95, update_time = 1328 us, calc_time = 0 us
step = 96, update_time = 1325 us, calc_time = 0 us
step = 97, update_time = 1314 us, calc_time = 1 us
step = 98, update_time = 1524 us, calc_time = 0 us
Values with 101 values:
Value 0: (gtsam::Pose3)
R: [
	1, 0.000134283, -5.63235e-05;
	-0.000134285, 1, -4.18279e-05;
	5.63179e-05, 4.18355e-05, 1
]
t: 3.72124e-05 -8.5626e-06 4.72183e-06

Value 1: (gtsam::Pose3)
R: [
	0.979348, -0.202019, 0.00805162;
	0.20146, 0.978447, 0.045337;
	-0.017037, -0.0427787, 0.998939
]
t:   0.349861 -0.0836732  0.0545232

Value 2: (gtsam::Pose3)
R: [
	0.878168, -0.477691, 0.0251429;
	0.472246, 0.874132, 0.113481;
	-0.0761868, -0.0877815, 0.993222
]
t:   0.559209   0.028728 -0.0317006

Value 3: (gtsam::Pose3)
R: [
	0.828254, -0.560077, 0.0175832;
	0.553244, 0.822326, 0.133044;
	-0.0889742, -0.100467, 0.990954
]
t:   0.68212  0.031422 -0.253648

Value 4: (gtsam::Pose3)
R: [
	0.729764, -0.683697, -0.00190353;
	0.675878, 0.720993, 0.152835;
	-0.10312, -0.11282, 0.98825
]
t:  0.777288  0.141484 -0.387997

Value 5: (gtsam::Pose3)
R: [
	0.688471, -0.725247, -0.00493537;
	0.716809, 0.679393, 0.156877;
	-0.110421, -0.111543, 0.987606
]
t:   1.04474  0.288418 -0.482518

Value 6: (gtsam::Pose3)
R: [
	0.529222, -0.848456, 0.00681326;
	0.839499, 0.524767, 0.140928;
	-0.123146, -0.0688622, 0.989996
]
t:  1.20591 0.398638 -0.50527

Value 7: (gtsam::Pose3)
R: [
	0.386245, -0.922279, -0.0147149;
	0.912555, 0.379751, 0.151764;
	-0.134381, -0.0720461, 0.988307
]
t:   1.49385  0.483538 -0.622272

Value 8: (gtsam::Pose3)
R: [
	0.237485, -0.966353, 0.0988046;
	0.959168, 0.249366, 0.133464;
	-0.153612, 0.0630744, 0.986116
]
t:   1.77773  0.724997 -0.471056

Value 9: (gtsam::Pose3)
R: [
	0.0963658, -0.988365, 0.117678;
	0.983267, 0.112892, 0.142973;
	-0.154594, 0.101931, 0.982706
]
t:   1.94036  0.949083 -0.542627

Value 10: (gtsam::Pose3)
R: [
	-0.0328846, -0.993561, 0.108425;
	0.989897, -0.017407, 0.140718;
	-0.137924, 0.111957, 0.984095
]
t:   2.03018   1.33627 -0.696018

Value 11: (gtsam::Pose3)
R: [
	-0.0379209, -0.995205, 0.0901617;
	0.98638, -0.0228271, 0.162894;
	-0.160054, 0.0951107, 0.982515
]
t:   2.01693   1.74135 -0.794429

Value 12: (gtsam::Pose3)
R: [
	-0.119992, -0.98918, 0.0844065;
	0.979194, -0.103907, 0.174307;
	-0.16365, 0.103566, 0.981067
]
t:   1.99144   2.29694 -0.904997

Value 13: (gtsam::Pose3)
R: [
	-0.360139, -0.918105, 0.16548;
	0.9224, -0.323902, 0.210394;
	-0.139564, 0.22841, 0.963509
]
t:   2.00159   2.36728 -0.834122

Value 14: (gtsam::Pose3)
R: [
	-0.552782, -0.831189, 0.0596393;
	0.822539, -0.532749, 0.199019;
	-0.13365, 0.15907, 0.978179
]
t:   1.92059   2.74378 -0.865339

Value 15: (gtsam::Pose3)
R: [
	-0.681464, -0.724503, 0.103457;
	0.724043, -0.646825, 0.23954;
	-0.106629, 0.238145, 0.965359
]
t:   1.63829   2.92158 -0.963507

Value 16: (gtsam::Pose3)
R: [
	-0.747742, -0.658035, 0.0887243;
	0.654031, -0.706867, 0.269413;
	-0.114567, 0.25948, 0.958929
]
t:   1.4863  3.35626 -1.02761

Value 17: (gtsam::Pose3)
R: [
	-0.781032, -0.618002, 0.0897976;
	0.610968, -0.726414, 0.314707;
	-0.129259, 0.300659, 0.944932
]
t:  1.11921  3.66232 -1.10327

Value 18: (gtsam::Pose3)
R: [
	-0.850002, -0.525766, 0.0326512;
	0.506968, -0.799624, 0.321847;
	-0.143107, 0.290124, 0.946229
]
t: 0.593421  3.84963 -1.01211

Value 19: (gtsam::Pose3)
R: [
	-0.924361, -0.381458, -0.00689306;
	0.355448, -0.867615, 0.347707;
	-0.138616, 0.318957, 0.937578
]
t: 0.260703  3.94297 -1.01306

Value 20: (gtsam::Pose3)
R: [
	-0.960532, -0.276456, -0.0308239;
	0.238797, -0.876332, 0.418352;
	-0.142668, 0.394479, 0.907762
]
t: -0.122293   4.17145   -1.0971

Value 21: (gtsam::Pose3)
R: [
	-0.974216, -0.212522, -0.0757445;
	0.147767, -0.854725, 0.497604;
	-0.170493, 0.473582, 0.864091
]
t: -0.702906   4.21779 -0.968913

Value 22: (gtsam::Pose3)
R: [
	-0.983598, -0.123679, -0.131296;
	0.0498026, -0.885823, 0.461342;
	-0.173364, 0.447236, 0.877454
]
t: -1.12164  4.39385 -1.14728

Value 23: (gtsam::Pose3)
R: [
	-0.982517, -0.0140295, -0.185646;
	-0.0730527, -0.888133, 0.453744;
	-0.171244, 0.459373, 0.87158
]
t:  -1.5527  4.57195 -1.19348

Value 24: (gtsam::Pose3)
R: [
	-0.971199, 0.00439564, -0.238231;
	-0.11937, -0.874285, 0.470507;
	-0.206213, 0.485393, 0.849629
]
t: -1.98572  4.53805   -1.296

Value 25: (gtsam::Pose3)
R: [
	-0.948859, 0.144262, -0.280812;
	-0.268017, -0.838156, 0.475039;
	-0.166834, 0.526007, 0.833956
]
t: -2.48336  4.50456 -1.38473

Value 26: (gtsam::Pose3)
R: [
	-0.920937, 0.224906, -0.318265;
	-0.367221, -0.774228, 0.515479;
	-0.130476, 0.591598, 0.795606
]
t: -2.87217  4.44696 -1.42998

Value 27: (gtsam::Pose3)
R: [
	-0.868257, 0.357422, -0.344062;
	-0.49173, -0.712, 0.501257;
	-0.0658123, 0.604405, 0.793954
]
t: -3.39748  4.30818 -1.55271

Value 28: (gtsam::Pose3)
R: [
	-0.797473, 0.501351, -0.335684;
	-0.602682, -0.688166, 0.403982;
	-0.0284696, 0.524476, 0.850949
]
t: -3.68965  4.00831 -1.68241

Value 29: (gtsam::Pose3)
R: [
	-0.734947, 0.571297, -0.365339;
	-0.678092, -0.613827, 0.404237;
	0.00668499, 0.544826, 0.838522
]
t: -3.96151  3.75261 -1.58532

Value 30: (gtsam::Pose3)
R: [
	-0.623998, 0.670228, -0.401772;
	-0.773023, -0.454252, 0.44282;
	0.114285, 0.586898, 0.801555
]
t: -4.27998  3.42949 -1.69182

Value 31: (gtsam::Pose3)
R: [
	-0.550919, 0.734203, -0.39678;
	-0.81657, -0.376042, 0.437956;
	0.172342, 0.565277, 0.806697
]
t: -4.63663  3.12499 -1.66041

Value 32: (gtsam::Pose3)
R: [
	-0.487102, 0.794474, -0.362687;
	-0.845233, -0.324331, 0.424724;
	0.219802, 0.513439, 0.829498
]
t: -4.88996  2.87512  -1.6769

Value 33: (gtsam::Pose3)
R: [
	-0.42926, 0.829106, -0.358218;
	-0.863098, -0.259721, 0.433137;
	0.26608, 0.495105, 0.827087
]
t:  -5.3742  2.32017 -1.57509

Value 34: (gtsam::Pose3)
R: [
	-0.313636, 0.898186, -0.308049;
	-0.876347, -0.1489, 0.458089;
	0.365581, 0.413631, 0.833822
]
t: -5.44746   1.8876 -1.40921

Value 35: (gtsam::Pose3)
R: [
	-0.16534, 0.948158, -0.271401;
	-0.892933, -0.0270814, 0.449374;
	0.418728, 0.316642, 0.85112
]
t: -5.46301  1.45346 -1.43631

Value 36: (gtsam::Pose3)
R: [
	-0.0830853, 0.973055, -0.215085;
	-0.904737, 0.0168317, 0.425639;
	0.41779, 0.22996, 0.87896
]
t: -5.53878 0.893501 -1.36982

Value 37: (gtsam::Pose3)
R: [
	0.0574272, 0.969899, -0.236638;
	-0.895627, 0.154773, 0.41701;
	0.441083, 0.187992, 0.877556
]
t: -5.54244 0.587961 -1.18618

Value 38: (gtsam::Pose3)
R: [
	0.29921, 0.937823, -0.175956;
	-0.852581, 0.345568, 0.392031;
	0.42846, 0.0327174, 0.902968
]
t: -5.57581 0.163552   -1.136

Value 39: (gtsam::Pose3)
R: [
	0.382977, 0.901195, -0.20292;
	-0.826568, 0.432393, 0.360309;
	0.41245, 0.0297373, 0.910495
]
t:    -5.335 -0.326155 -0.776184

Value 40: (gtsam::Pose3)
R: [
	0.432485, 0.879572, -0.198268;
	-0.810925, 0.475579, 0.340919;
	0.394155, 0.0133382, 0.918947
]
t:  -4.96188 -0.843079  -0.55966

Value 41: (gtsam::Pose3)
R: [
	0.561376, 0.814977, -0.143766;
	-0.743275, 0.572918, 0.34541;
	0.363867, -0.0870471, 0.927375
]
t:  -4.65159  -1.29303 -0.358156

Value 42: (gtsam::Pose3)
R: [
	0.716023, 0.690399, -0.103247;
	-0.626259, 0.700636, 0.34192;
	0.3084, -0.180163, 0.93404
]
t:  -4.13226  -1.76437 -0.228287

Value 43: (gtsam::Pose3)
R: [
	0.765796, 0.63724, -0.0864973;
	-0.581998, 0.743973, 0.328302;
	0.273559, -0.201071, 0.940604
]
t:   -3.6369  -1.97903 -0.115595

Value 44: (gtsam::Pose3)
R: [
	0.879007, 0.459645, -0.126782;
	-0.427873, 0.877732, 0.215665;
	0.21041, -0.135324, 0.968202
]
t:   -3.23099   -2.32184 -0.0701522

Value 45: (gtsam::Pose3)
R: [
	0.946564, 0.317873, -0.0545287;
	-0.298921, 0.928163, 0.221718;
	0.12109, -0.19357, 0.973585
]
t:   -2.9294    -2.653 -0.208989

Value 46: (gtsam::Pose3)
R: [
	0.972167, 0.228179, -0.0531546;
	-0.214612, 0.958309, 0.188643;
	0.093983, -0.171985, 0.980606
]
t:   -2.41128   -2.86816 -0.0799374

Value 47: (gtsam::Pose3)
R: [
	0.99543, 0.0872288, -0.0388521;
	-0.0771063, 0.974262, 0.211822;
	0.0563291, -0.207858, 0.976536
]
t:    -1.8397   -3.09887 -0.0574038

Value 48: (gtsam::Pose3)
R: [
	0.993334, -0.106964, -0.0429641;
	0.113847, 0.968772, 0.220271;
	0.0180614, -0.223694, 0.974492
]
t:  -1.20197  -3.15123 0.0248448

Value 49: (gtsam::Pose3)
R: [
	0.981141, -0.192771, -0.0141666;
	0.192992, 0.972917, 0.127226;
	-0.0107426, -0.127561, 0.991773
]
t: -0.643629  -3.16054 0.0664611

Value 50: (gtsam::Pose3)
R: [
	0.97927, -0.202556, -0.000954471;
	0.201796, 0.975167, 0.0912533;
	-0.0175531, -0.0895542, 0.995827
]
t:   0.122514   -3.00434 -0.0474984

Value 51: (gtsam::Pose3)
R: [
	0.917105, -0.397571, 0.0292429;
	0.395121, 0.916282, 0.0656282;
	-0.0528866, -0.0486335, 0.997416
]
t:  0.828859  -3.05576 0.0976157

Value 52: (gtsam::Pose3)
R: [
	0.930953, -0.364327, 0.0243494;
	0.359852, 0.926736, 0.108013;
	-0.0619174, -0.0917925, 0.993851
]
t:  1.77579 -2.71464 0.115221

Value 53: (gtsam::Pose3)
R: [
	0.845066, -0.532778, 0.0448398;
	0.525911, 0.843419, 0.109827;
	-0.0963322, -0.0692295, 0.992939
]
t:    2.28371   -2.49276 -0.0888653

Value 54: (gtsam::Pose3)
R: [
	0.786522, -0.615914, 0.0450817;
	0.609188, 0.785768, 0.107047;
	-0.101355, -0.0567316, 0.993231
]
t:   2.78499  -2.08059 -0.128532

Value 55: (gtsam::Pose3)
R: [
	0.704206, -0.707801, 0.0557762;
	0.699961, 0.705269, 0.112471;
	-0.118945, -0.0401618, 0.992088
]
t:   3.29613  -1.70839 -0.243137

Value 56: (gtsam::Pose3)
R: [
	0.653709, -0.75195, 0.0850593;
	0.74378, 0.659155, 0.110933;
	-0.139484, -0.00925277, 0.990181
]
t:   3.87464  -1.22158 -0.477703

Value 57: (gtsam::Pose3)
R: [
	0.521425, -0.850075, 0.074086;
	0.842154, 0.526658, 0.115796;
	-0.137453, 0.0020131, 0.990506
]
t:   4.39868 -0.615876   -0.5173

Value 58: (gtsam::Pose3)
R: [
	0.261643, -0.954897, 0.140408;
	0.953025, 0.278605, 0.118842;
	-0.1526, 0.102718, 0.982936
]
t:      4.747 -0.0404225  -0.718571

Value 59: (gtsam::Pose3)
R: [
	0.06446, -0.982673, 0.173775;
	0.98586, 0.0896992, 0.141542;
	-0.154677, 0.162194, 0.97456
]
t:   4.91315  0.696795 -0.913587

Value 60: (gtsam::Pose3)
R: [
	-0.0195519, -0.985166, 0.170484;
	0.988949, 0.00600823, 0.148136;
	-0.146963, 0.171497, 0.974162
]
t:  5.07199  1.46122 -1.08588

Value 61: (gtsam::Pose3)
R: [
	-0.041704, -0.984882, 0.168134;
	0.984339, -0.0116518, 0.175903;
	-0.171284, 0.172837, 0.969943
]
t:  5.03624  1.94086 -1.26553

Value 62: (gtsam::Pose3)
R: [
	-0.0386291, -0.985911, 0.162748;
	0.982107, -0.00741672, 0.188179;
	-0.184321, 0.167105, 0.968557
]
t:  4.97608  2.75616 -1.37927

Value 63: (gtsam::Pose3)
R: [
	-0.224406, -0.956963, 0.18402;
	0.956656, -0.180368, 0.228639;
	-0.185608, 0.227352, 0.955961
]
t:  4.84994  3.48905 -1.59213

Value 64: (gtsam::Pose3)
R: [
	-0.465604, -0.870507, 0.159472;
	0.872956, -0.422134, 0.244438;
	-0.145467, 0.253024, 0.956461
]
t:  4.55069  4.15615 -1.62057

Value 65: (gtsam::Pose3)
R: [
	-0.529119, -0.834155, 0.155621;
	0.836499, -0.481965, 0.260726;
	-0.142482, 0.268132, 0.952787
]
t:  3.95797  4.89847 -1.73305

Value 66: (gtsam::Pose3)
R: [
	-0.717637, -0.682357, 0.139233;
	0.687332, -0.661789, 0.299348;
	-0.112119, 0.310523, 0.94393
]
t:  3.36915  5.38149 -1.83805

Value 67: (gtsam::Pose3)
R: [
	-0.855192, -0.506778, 0.108735;
	0.511583, -0.791609, 0.334122;
	-0.0832499, 0.341365, 0.936237
]
t: 2.96055 5.89246 -1.9495

Value 68: (gtsam::Pose3)
R: [
	-0.915008, -0.3933, 0.0898677;
	0.396294, -0.834495, 0.382843;
	-0.0755779, 0.385918, 0.919432
]
t:  2.15485   6.2586 -1.89965

Value 69: (gtsam::Pose3)
R: [
	-0.967959, -0.246968, 0.0454031;
	0.243083, -0.876244, 0.416062;
	-0.0629697, 0.413768, 0.908202
]
t:  1.33438  6.45121 -2.07764

Value 70: (gtsam::Pose3)
R: [
	-0.958092, -0.286305, -0.00947647;
	0.250014, -0.85188, 0.46021;
	-0.139833, 0.438554, 0.887759
]
t: 0.692571  6.60548 -2.29174

Value 71: (gtsam::Pose3)
R: [
	-0.961844, -0.263675, -0.0730207;
	0.192071, -0.840806, 0.506116;
	-0.194847, 0.47278, 0.859368
]
t: 0.0213664   6.80277  -2.47371

Value 72: (gtsam::Pose3)
R: [
	-0.977434, -0.175704, -0.117266;
	0.0913333, -0.852067, 0.515403;
	-0.190477, 0.493062, 0.848887
]
t: -0.686819   7.03176  -2.64793

Value 73: (gtsam::Pose3)
R: [
	-0.983746, 0.0246425, -0.177866;
	-0.115434, -0.845527, 0.521305;
	-0.137544, 0.533364, 0.834629
]
t: -1.60472  7.21134 -2.73578

Value 74: (gtsam::Pose3)
R: [
	-0.978175, 0.0175596, -0.207039;
	-0.126104, -0.8421, 0.524372;
	-0.165139, 0.539036, 0.825936
]
t: -2.11686  7.09957 -2.82247

Value 75: (gtsam::Pose3)
R: [
	-0.938521, 0.228244, -0.259005;
	-0.336326, -0.773746, 0.536845;
	-0.0778726, 0.59095, 0.802941
]
t: -2.90912  7.06015  -3.1576

Value 76: (gtsam::Pose3)
R: [
	-0.908055, 0.283114, -0.308678;
	-0.411869, -0.737545, 0.535155;
	-0.076154, 0.613085, 0.786338
]
t: -3.61816  6.82651 -3.27739

Value 77: (gtsam::Pose3)
R: [
	-0.887426, 0.301761, -0.348448;
	-0.450382, -0.72858, 0.516069;
	-0.0981426, 0.614908, 0.782468
]
t: -4.46614  6.47252 -3.19034

Value 78: (gtsam::Pose3)
R: [
	-0.809968, 0.457589, -0.366829;
	-0.586356, -0.64434, 0.49093;
	-0.0117184, 0.612731, 0.790205
]
t:  -5.1332  6.19838 -3.29276

Value 79: (gtsam::Pose3)
R: [
	-0.795636, 0.472681, -0.378862;
	-0.605529, -0.638405, 0.475157;
	-0.0172697, 0.607464, 0.79416
]
t: -5.65156  5.67227 -3.42719

Value 80: (gtsam::Pose3)
R: [
	-0.758443, 0.505672, -0.41117;
	-0.651738, -0.590077, 0.476495;
	-0.00167218, 0.629369, 0.777105
]
t: -6.23223  5.00576 -3.50076

Value 81: (gtsam::Pose3)
R: [
	-0.582236, 0.691425, -0.427706;
	-0.797119, -0.381938, 0.467681;
	0.160009, 0.613233, 0.773526
]
t: -6.83515  4.30386 -3.43568

Value 82: (gtsam::Pose3)
R: [
	-0.520078, 0.74882, -0.410838;
	-0.827047, -0.321366, 0.461213;
	0.213336, 0.579649, 0.786444
]
t: -7.25971  3.81995 -3.32848

Value 83: (gtsam::Pose3)
R: [
	-0.309349, 0.859626, -0.406629;
	-0.889596, -0.110496, 0.443182;
	0.33604, 0.498833, 0.798901
]
t: -7.71777  3.20434 -3.10127

Value 84: (gtsam::Pose3)
R: [
	-0.329528, 0.871085, -0.364174;
	-0.875712, -0.137818, 0.462748;
	0.352903, 0.4714, 0.808234
]
t: -8.04825  2.33987 -2.80851

Value 85: (gtsam::Pose3)
R: [
	-0.244174, 0.909235, -0.337151;
	-0.887976, -0.069917, 0.454543;
	0.389714, 0.41037, 0.824451
]
t: -8.38671   1.5582 -2.45427

Value 86: (gtsam::Pose3)
R: [
	-0.0947006, 0.946584, -0.308239;
	-0.895541, 0.0542259, 0.441662;
	0.434785, 0.317866, 0.842569
]
t:  -8.4783 0.772228 -2.15042

Value 87: (gtsam::Pose3)
R: [
	0.175377, 0.936395, -0.303986;
	-0.874927, 0.28981, 0.38796;
	0.451382, 0.197926, 0.870103
]
t:  -8.6452 0.100223 -1.72779

Value 88: (gtsam::Pose3)
R: [
	0.307273, 0.910177, -0.277777;
	-0.839719, 0.396666, 0.370849;
	0.447723, 0.119303, 0.886178
]
t:  -8.29253 -0.868556  -1.36731

Value 89: (gtsam::Pose3)
R: [
	0.492597, 0.832432, -0.253781;
	-0.759947, 0.55356, 0.340663;
	0.424062, 0.0250504, 0.905287
]
t:  -7.99455  -1.60678 -0.864784

Value 90: (gtsam::Pose3)
R: [
	0.455376, 0.860816, -0.22722;
	-0.807, 0.506889, 0.30301;
	0.376011, 0.045383, 0.925503
]
t:  -7.50833  -2.26295 -0.506815

Value 91: (gtsam::Pose3)
R: [
	0.669615, 0.715272, -0.200004;
	-0.665837, 0.697441, 0.265024;
	0.329055, -0.0442939, 0.943271
]
t:  -7.02494  -3.05226 -0.215784

Value 92: (gtsam::Pose3)
R: [
	0.737644, 0.6531, -0.171295;
	-0.607257, 0.752627, 0.254542;
	0.295163, -0.0837413, 0.95177
]
t:  -6.27579  -3.94425 0.0326294

Value 93: (gtsam::Pose3)
R: [
	0.819793, 0.551829, -0.153047;
	-0.518506, 0.828716, 0.210667;
	0.243085, -0.0933478, 0.965503
]
t: -5.47682 -4.44085  0.25834

Value 94: (gtsam::Pose3)
R: [
	0.8279, 0.545828, -0.129047;
	-0.522361, 0.834152, 0.177001;
	0.204257, -0.0791295, 0.975714
]
t: -4.69359 -4.97672 0.218322

Value 95: (gtsam::Pose3)
R: [
	0.939957, 0.331221, -0.0823029;
	-0.31855, 0.937986, 0.136774;
	0.122501, -0.102344, 0.987177
]
t: -3.90881 -5.44724 0.365901

Value 96: (gtsam::Pose3)
R: [
	0.972004, 0.232248, -0.0356361;
	-0.225092, 0.963889, 0.14231;
	0.0674004, -0.130304, 0.98918
]
t: -2.97827 -5.74866 0.373745

Value 97: (gtsam::Pose3)
R: [
	0.989334, 0.144541, -0.0180535;
	-0.140593, 0.979948, 0.141196;
	0.0381, -0.137152, 0.989817
]
t:  -1.9105 -6.06335 0.469163

Value 98: (gtsam::Pose3)
R: [
	0.995663, 0.0923127, -0.0115566;
	-0.0899569, 0.986962, 0.133466;
	0.0237266, -0.131848, 0.990986
]
t: -0.972676  -6.09437  0.361474

Value 99: (gtsam::Pose3)
R: [
	0.973361, -0.227833, 0.0257147;
	0.22474, 0.970276, 0.0897595;
	-0.0454005, -0.0815893, 0.995631
]
t: 0.00202326   -6.16448   0.397544

Value 100: (gtsam::Pose3)
R: [
	0.965873, -0.257607, 0.0269858;
	0.255337, 0.964469, 0.0678405;
	-0.0435031, -0.0586348, 0.997331
]
t: 0.998754 -5.87623 0.271688

Total: 0.00 seconds
