Factor 0: BetweenFactor(0,1)
  measured:  R: [
	0.999984775, -0.00341710164, 0.00440905515;
	0.00342217454, 0.999994531, -0.00116650981;
	-0.00440602879, 0.00118151385, 0.999990337
]
t:  0.000223224941 -0.000750228488  -0.00151230755
  noise model: diagonal sigmas[0.01; 0.01; 0.01; 0.1; 0.1; 0.1];

Factor 1: BetweenFactor(1,2)
  measured:  R: [
	0.999980081, -0.00269667333, -0.00576549924;
	0.00269165214, 0.999997074, -0.000861564613;
	0.00576681153, 0.000845963647, 0.999983751
]
t: 0.000271761215 0.000370649678  0.00167433719
  noise model: diagonal sigmas[0.01; 0.01; 0.01; 0.1; 0.1; 0.1];

Factor 2: BetweenFactor(2,3)
  measured:  R: [
	1.00000032, 5.71339783e-05, -0.000134772558;
	-5.72404847e-05, 1.00000106, -7.13766379e-05;
	0.000133782935, 7.13197489e-05, 1.00000073
]
t:  2.77440714e-05  0.000208642022 -4.40943891e-05
  noise model: diagonal sigmas[0.01; 0.01; 0.01; 0.1; 0.1; 0.1];

Factor 3: BetweenFactor(3,4)
  measured:  R: [
	1.00000031, -0.000146262704, -0.000138185743;
	0.000146157841, 1.00000106, -5.7636036e-05;
	0.000137208737, 5.75513505e-05, 1.00000073
]
t:  0.000772161111  0.000187413579 -0.000681652945
  noise model: diagonal sigmas[0.01; 0.01; 0.01; 0.1; 0.1; 0.1];

Factor 4: BetweenFactor(4,5)
  measured:  R: [
	1.00000022, 0.000382918733, 0.00027994902;
	-0.000383068406, 1.00000098, 0.000187620718;
	-0.000280862615, -0.000187792745, 1.00000069
]
t: -0.000162835457  -2.0738031e-05 -0.000603216321
  noise model: diagonal sigmas[0.01; 0.01; 0.01; 0.1; 0.1; 0.1];

Factor 5: BetweenFactor(5,6)
  measured:  R: [
	0.999998448, 0.000354797019, 0.00190837023;
	-0.000355240064, 1.00000099, 0.000180743036;
	-0.00190929231, -0.000181485691, 0.999998904
]
t: -0.000988861681 -0.000709770077  0.000213485276
  noise model: diagonal sigmas[0.01; 0.01; 0.01; 0.1; 0.1; 0.1];

Factor 6: BetweenFactor(6,7)
  measured:  R: [
	0.999999883, 0.000149001836, 0.000937259309;
	-0.00014913507, 1.00000106, 3.80045346e-05;
	-0.000938241162, -3.82096236e-05, 1.0000003
]
t:  0.000774555068 -1.73387445e-05   0.00305854969
  noise model: diagonal sigmas[0.01; 0.01; 0.01; 0.1; 0.1; 0.1];

Factor 7: BetweenFactor(7,8)
  measured:  R: [
	1.0000003, 0.000233296963, -0.000104497328;
	-0.000233389744, 1.00000104, 4.73728086e-05;
	0.000103520524, -4.74140404e-05, 1.00000073
]
t: -0.000342357468 -0.000154493427  0.000109085943
  noise model: diagonal sigmas[0.01; 0.01; 0.01; 0.1; 0.1; 0.1];

Factor 8: BetweenFactor(8,9)
  measured:  R: [
	0.999995863, 9.02916634e-05, 0.00298894888;
	-9.00200177e-05, 1.00000106, -0.000123780723;
	-0.00298994904, 0.000123445379, 0.999996263
]
t:  0.000902576004 -0.000400520366  7.56665941e-05
  noise model: diagonal sigmas[0.01; 0.01; 0.01; 0.1; 0.1; 0.1];

Factor 9: BetweenFactor(9,10)
  measured:  R: [
	1.00000033, -1.75749067e-05, -0.000131243229;
	1.74788733e-05, 1.00000107, 1.42627559e-05;
	0.000130252823, -1.43310871e-05, 1.00000073
]
t:   0.00114499193 -0.000268841969 -0.000509861774
  noise model: diagonal sigmas[0.01; 0.01; 0.01; 0.1; 0.1; 0.1];

Factor 10: BetweenFactor(10,11)
  measured:  R: [
	1.00000028, -7.54822639e-05, -0.000333297303;
	7.53713549e-05, 1.00000106, -3.92475985e-05;
	0.000332310289, 3.9156517e-05, 1.00000068
]
t:  0.000328780789  0.000382115217 -0.000323622141
  noise model: diagonal sigmas[0.01; 0.01; 0.01; 0.1; 0.1; 0.1];

Factor 11: BetweenFactor(11,12)
  measured:  R: [
	0.999999995, 0.00060277665, 0.000566583635;
	-0.000603014252, 1.00000086, 0.000245762888;
	-0.000567425401, -0.000246170915, 1.00000055
]
t:    0.0007280384 -0.000482309828  0.000878056675
  noise model: diagonal sigmas[0.01; 0.01; 0.01; 0.1; 0.1; 0.1];

Factor 12: BetweenFactor(12,13)
  measured:  R: [
	0.999990882, 0.000116192605, 0.004347035;
	-0.000141724584, 0.999983941, 0.00585091098;
	-0.00434727271, -0.00585153635, 0.999974167
]
t:   0.00208808658  0.000568159495 -0.000481031104
  noise model: diagonal sigmas[0.01; 0.01; 0.01; 0.1; 0.1; 0.1];

Factor 13: BetweenFactor(13,14)
  measured:  R: [
	0.999592709, -0.0095906417, 0.0268908592;
	0.00950455421, 0.999950374, 0.00332418219;
	-0.026922382, -0.0030672941, 0.999633554
]
t:   0.0142149449 -0.00354861873  0.00893281295
  noise model: diagonal sigmas[0.01; 0.01; 0.01; 0.1; 0.1; 0.1];

Factor 14: BetweenFactor(14,15)
  measured:  R: [
	0.999678978, -0.00838502805, 0.0239242277;
	0.00842793679, 0.999964115, -0.00169611328;
	-0.0239101445, 0.00189715431, 0.999713017
]
t:   0.0516514716 -0.00959160043    0.013175259
  noise model: diagonal sigmas[0.01; 0.01; 0.01; 0.1; 0.1; 0.1];

Factor 15: BetweenFactor(15,16)
  measured:  R: [
	0.999908052, -8.53175381e-05, 0.0135891282;
	9.89805859e-05, 1.00000056, -0.00100941366;
	-0.0135900689, 0.00101061732, 0.999907821
]
t:   0.0737728665 -0.00873216748   0.0077103545
  noise model: diagonal sigmas[0.01; 0.01; 0.01; 0.1; 0.1; 0.1];

Factor 16: BetweenFactor(16,17)
  measured:  R: [
	0.999991613, 0.00413010231, 0.000726021491;
	-0.00413076515, 0.9999922, 0.000822293873;
	-0.000723656236, -0.000825339059, 1.00000006
]
t:   0.0166551122 -0.00592439103   0.0186471205
  noise model: diagonal sigmas[0.01; 0.01; 0.01; 0.1; 0.1; 0.1];

Factor 17: BetweenFactor(17,18)
  measured:  R: [
	0.999985899, -0.00326849298, -0.00428156093;
	0.00325839864, 0.999993006, -0.00234714133;
	0.00428816138, 0.00233310559, 0.99998875
]
t:   -0.007666724 -0.00401607865   0.0209794032
  noise model: diagonal sigmas[0.01; 0.01; 0.01; 0.1; 0.1; 0.1];

Factor 18: BetweenFactor(18,19)
  measured:  R: [
	0.999989153, 0.000488029639, -0.00471801249;
	-0.000489599829, 1.0000009, -0.000317534808;
	0.00471682269, 0.000319789222, 0.999989495
]
t:  0.00741528895 -0.00153885369   0.0126955273
  noise model: diagonal sigmas[0.01; 0.01; 0.01; 0.1; 0.1; 0.1];

Factor 19: BetweenFactor(19,20)
  measured:  R: [
	0.999999387, -0.000988938906, -0.00102122519;
	0.000988280728, 1.00000041, -0.000579360516;
	0.00102076499, 0.000578299707, 0.999999987
]
t:   0.0183052122 -0.00114489766 0.000171005846
  noise model: diagonal sigmas[0.01; 0.01; 0.01; 0.1; 0.1; 0.1];

Factor 20: BetweenFactor(20,21)
  measured:  R: [
	0.999825675, 0.000622078683, -0.0186822079;
	-0.000607215983, 1.00000056, 0.00080481693;
	0.0186816723, -0.000793383638, 0.999825844
]
t:    0.023545372  0.00187668892 -0.00740084233
  noise model: diagonal sigmas[0.01; 0.01; 0.01; 0.1; 0.1; 0.1];

Factor 21: BetweenFactor(21,22)
  measured:  R: [
	0.998941548, 0.0218259863, -0.0404989517;
	-0.0215109279, 0.999736046, 0.00820103785;
	0.0406662082, -0.00732125407, 0.999146661
]
t:   0.0294294877  0.00419691504 -0.00240649135
  noise model: diagonal sigmas[0.01; 0.01; 0.01; 0.1; 0.1; 0.1];

Factor 22: BetweenFactor(22,23)
  measured:  R: [
	0.999586121, 0.0247921061, 0.0146155701;
	-0.0249754733, 0.999611079, 0.0124921187;
	-0.0143011596, -0.0128520582, 0.99981587
]
t:   0.0433901793 -0.00198995851  0.00881576521
  noise model: diagonal sigmas[0.01; 0.01; 0.01; 0.1; 0.1; 0.1];

Factor 23: BetweenFactor(23,24)
  measured:  R: [
	0.998951247, -0.0433737269, 0.0146913346;
	0.0429234059, 0.99863824, 0.0296880483;
	-0.015960003, -0.0290263276, 0.999451946
]
t:  0.043284662 -0.011266857 0.0207208188
  noise model: diagonal sigmas[0.01; 0.01; 0.01; 0.1; 0.1; 0.1];

Factor 24: BetweenFactor(24,25)
  measured:  R: [
	0.998967074, -0.045131543, 0.00535381344;
	0.0445617929, 0.995818416, 0.0797625947;
	-0.00893224495, -0.0794415432, 0.996800213
]
t:  0.0391384067 -0.0133344928  0.0254158773
  noise model: diagonal sigmas[0.01; 0.01; 0.01; 0.1; 0.1; 0.1];

Factor 25: BetweenFactor(25,26)
  measured:  R: [
	0.999444596, -0.0331034848, 0.00392584429;
	0.0326793519, 0.99620469, 0.0806871;
	-0.00658297645, -0.0805138111, 0.996732456
]
t:  0.0334569562 -0.0183237805  0.0298586805
  noise model: diagonal sigmas[0.01; 0.01; 0.01; 0.1; 0.1; 0.1];

Factor 26: BetweenFactor(26,27)
  measured:  R: [
	0.999963379, -0.00805531582, 0.00302156144;
	0.00789507066, 0.998728069, 0.0498197885;
	-0.00342002869, -0.0497938847, 0.998754365
]
t:  0.0256706539 -0.0275554158  0.0236996899
  noise model: diagonal sigmas[0.01; 0.01; 0.01; 0.1; 0.1; 0.1];

Factor 27: BetweenFactor(27,28)
  measured:  R: [
	0.999923861, -0.0123682335, -0.000294569374;
	0.0123673402, 0.998603079, 0.0513907884;
	-0.000342439362, -0.051390248, 0.998679302
]
t:   0.020565572 -0.0216381275  0.0271153436
  noise model: diagonal sigmas[0.01; 0.01; 0.01; 0.1; 0.1; 0.1];

Factor 28: BetweenFactor(28,29)
  measured:  R: [
	0.99976292, -0.0217917539, -0.000140869923;
	0.0217268723, 0.99622598, 0.084046302;
	-0.00169213756, -0.0840290927, 0.996462592
]
t:  0.0101769872 -0.0223502792  0.0346219952
  noise model: diagonal sigmas[0.01; 0.01; 0.01; 0.1; 0.1; 0.1];

Factor 29: BetweenFactor(29,30)
  measured:  R: [
	0.999360334, -0.0350904753, -0.0069567903;
	0.0356508618, 0.993026407, 0.112381235;
	0.00296385099, -0.11255693, 0.993641611
]
t: 0.00873497149 -0.0225805882  0.0370642976
  noise model: diagonal sigmas[0.01; 0.01; 0.01; 0.1; 0.1; 0.1];

Factor 30: BetweenFactor(30,31)
  measured:  R: [
	0.999069601, -0.0429277536, -0.00424088599;
	0.0431302201, 0.992276427, 0.116314768;
	-0.000785828643, -0.116388959, 0.9932042
]
t: -0.00127869804   -0.024884051   0.0459822943
  noise model: diagonal sigmas[0.01; 0.01; 0.01; 0.1; 0.1; 0.1];

Factor 31: BetweenFactor(31,32)
  measured:  R: [
	0.999372295, -0.0354388967, -4.31268348e-05;
	0.0352377895, 0.993548782, 0.107799844;
	-0.00377818788, -0.107733174, 0.994173517
]
t: -0.00756441812  -0.0335979669   0.0472249269
  noise model: diagonal sigmas[0.01; 0.01; 0.01; 0.1; 0.1; 0.1];

Factor 32: BetweenFactor(32,33)
  measured:  R: [
	0.99953104, -0.029978757, -0.00631950212;
	0.0304789137, 0.993966605, 0.105370572;
	0.00312186272, -0.105513252, 0.994413896
]
t: -0.00871631362  -0.0432143608   0.0440727301
  noise model: diagonal sigmas[0.01; 0.01; 0.01; 0.1; 0.1; 0.1];

Factor 33: BetweenFactor(33,34)
  measured:  R: [
	0.999479303, -0.0320769604, 0.00363319606;
	0.0315459349, 0.994366624, 0.10119909;
	-0.00685940659, -0.101031306, 0.99486055
]
t: -0.00852522891  -0.0533954035   0.0457737759
  noise model: diagonal sigmas[0.01; 0.01; 0.01; 0.1; 0.1; 0.1];

Factor 34: BetweenFactor(34,35)
  measured:  R: [
	0.998882865, -0.0461102153, 0.0103896954;
	0.0450106414, 0.995037598, 0.0887437932;
	-0.0144305411, -0.0881765799, 0.996001315
]
t: -0.00881633177  -0.0616880111    0.044127397
  noise model: diagonal sigmas[0.01; 0.01; 0.01; 0.1; 0.1; 0.1];

Factor 35: BetweenFactor(35,36)
  measured:  R: [
	0.999271096, -0.0371992528, 0.00864104889;
	0.0362576989, 0.995162475, 0.0913132456;
	-0.0119963519, -0.0909330112, 0.995785771
]
t: -0.0158940041 -0.0647697134  0.0422293401
  noise model: diagonal sigmas[0.01; 0.01; 0.01; 0.1; 0.1; 0.1];

Factor 36: BetweenFactor(36,37)
  measured:  R: [
	0.998666414, -0.0510389894, 0.00785318178;
	0.0501920118, 0.995129239, 0.0848499231;
	-0.0121458082, -0.0843423089, 0.996363856
]
t: -0.0189269865 -0.0675299153  0.0358526314
  noise model: diagonal sigmas[0.01; 0.01; 0.01; 0.1; 0.1; 0.1];

Factor 37: BetweenFactor(37,38)
  measured:  R: [
	0.999216728, -0.0393309539, 0.00451347119;
	0.038830418, 0.995879559, 0.0819567387;
	-0.00771844961, -0.0817170842, 0.99662674
]
t: -0.0206399604 -0.0612714202  0.0221187427
  noise model: diagonal sigmas[0.01; 0.01; 0.01; 0.1; 0.1; 0.1];

Factor 38: BetweenFactor(38,39)
  measured:  R: [
	0.999682251, -0.017314788, -0.0183586624;
	0.0187057328, 0.99674216, 0.0784593246;
	0.0169402849, -0.0787777148, 0.996749334
]
t: -0.0209002481 -0.0535786757  0.0140130629
  noise model: diagonal sigmas[0.01; 0.01; 0.01; 0.1; 0.1; 0.1];

Factor 39: BetweenFactor(39,40)
  measured:  R: [
	0.999932371, -0.0104061416, -0.00533344644;
	0.0106277735, 0.999011854, 0.0431628096;
	0.00487904537, -0.0432166152, 0.999054883
]
t: -0.0151215665 -0.0503661795  0.0128367387
  noise model: diagonal sigmas[0.01; 0.01; 0.01; 0.1; 0.1; 0.1];

Factor 40: BetweenFactor(40,41)
  measured:  R: [
	0.999959081, -0.00741884464, 0.00531977397;
	0.00734756841, 0.999882538, 0.0134749068;
	-0.00541904519, -0.0134353798, 0.999896124
]
t: -0.0162889881 -0.0513491155  0.0169718418
  noise model: diagonal sigmas[0.01; 0.01; 0.01; 0.1; 0.1; 0.1];

Factor 41: BetweenFactor(41,42)
  measured:  R: [
	0.999804553, -0.012156621, -0.0156392848;
	0.0120364014, 0.999897302, -0.00781972168;
	0.0157328202, 0.0076298248, 0.999848186
]
t: -0.0183079903 -0.0482603163  0.0195187483
  noise model: diagonal sigmas[0.01; 0.01; 0.01; 0.1; 0.1; 0.1];

Factor 42: BetweenFactor(42,43)
  measured:  R: [
	0.99990534, -0.0138031187, -0.000571685556;
	0.0137920839, 0.999754782, -0.0173426235;
	0.000811008084, 0.0173329646, 0.99985051
]
t: -0.0109180054 -0.0357501977  0.0240020142
  noise model: diagonal sigmas[0.01; 0.01; 0.01; 0.1; 0.1; 0.1];

Factor 43: BetweenFactor(43,44)
  measured:  R: [
	0.999266795, 0.0362685092, 0.0123302971;
	-0.0362294839, 0.999338351, -0.0032963627;
	-0.0124416246, 0.00284712159, 0.999919614
]
t: -2.05141659e-05   -0.0197005584    0.0344464363
  noise model: diagonal sigmas[0.01; 0.01; 0.01; 0.1; 0.1; 0.1];

Factor 44: BetweenFactor(44,45)
  measured:  R: [
	0.999716724, 0.0212905353, 0.0107089135;
	-0.0212854074, 0.999773641, -0.000500209351;
	-0.0107170797, 0.000272037861, 0.999943602
]
t: 0.00324652062   -0.01548394  0.0383731408
  noise model: diagonal sigmas[0.01; 0.01; 0.01; 0.1; 0.1; 0.1];

Factor 45: BetweenFactor(45,46)
  measured:  R: [
	0.999147952, -0.0298226628, 0.0285557502;
	0.0286860324, 0.998809964, 0.0394520082;
	-0.029698282, -0.0385993184, 0.998814419
]
t: 0.00692180136 -0.0152233001  0.0351335102
  noise model: diagonal sigmas[0.01; 0.01; 0.01; 0.1; 0.1; 0.1];

Factor 46: BetweenFactor(46,47)
  measured:  R: [
	0.999140861, -0.0407981847, 0.00738611383;
	0.0400588265, 0.995836079, 0.0818928358;
	-0.0106963733, -0.0815267067, 0.99661483
]
t: 0.00655898573  -0.011854128  0.0219309635
  noise model: diagonal sigmas[0.01; 0.01; 0.01; 0.1; 0.1; 0.1];

Factor 47: BetweenFactor(47,48)
  measured:  R: [
	0.99840365, -0.0406816534, -0.0392012316;
	0.0428305339, 0.997533904, 0.0556079847;
	0.0368424566, -0.057198452, 0.997683858
]
t:   0.0220449286  -0.0124427856 -0.00152319318
  noise model: diagonal sigmas[0.01; 0.01; 0.01; 0.1; 0.1; 0.1];

Factor 48: BetweenFactor(48,49)
  measured:  R: [
	0.999601888, -0.021824906, -0.017927891;
	0.0222098746, 0.999522108, 0.0215133857;
	0.0174499777, -0.0219033508, 0.999608827
]
t:     0.06954693 -0.00364946562  -0.0208218749
  noise model: diagonal sigmas[0.01; 0.01; 0.01; 0.1; 0.1; 0.1];

Factor 49: BetweenFactor(49,50)
  measured:  R: [
	0.99999253, -0.00248640236, 0.00323620217;
	0.00244837936, 0.999925809, 0.0119545447;
	-0.00326547884, -0.0119469349, 0.999924322
]
t:  0.0798035866   0.013515816 -0.0151627412
  noise model: diagonal sigmas[0.01; 0.01; 0.01; 0.1; 0.1; 0.1];

Factor 50: BetweenFactor(50,51)
  measured:  R: [
	0.999261249, 0.0384370678, -0.00112532912;
	-0.0384091338, 0.99909383, 0.0183518515;
	0.00182993203, -0.01829548, 0.999831966
]
t:   0.0742879186   0.0307895606 -0.00315370575
  noise model: diagonal sigmas[0.01; 0.01; 0.01; 0.1; 0.1; 0.1];

Factor 51: BetweenFactor(51,52)
  measured:  R: [
	0.999983218, 0.00263662902, -0.00531646157;
	-0.00261150838, 0.999986482, 0.00456405005;
	0.00532867192, -0.00455052666, 0.999976457
]
t: 0.0644099256  0.033355125 0.0126089231
  noise model: diagonal sigmas[0.01; 0.01; 0.01; 0.1; 0.1; 0.1];

Factor 52: BetweenFactor(52,53)
  measured:  R: [
	0.999996763, 0.00277558871, 0.000648736193;
	-0.00277572747, 0.999995256, 0.00155128637;
	-0.000644170994, -0.00155352985, 0.999999591
]
t: 0.0592159824 0.0328494116 0.0263807314
  noise model: diagonal sigmas[0.01; 0.01; 0.01; 0.1; 0.1; 0.1];

Factor 53: BetweenFactor(53,54)
  measured:  R: [
	0.99991936, 0.00758802027, 0.0102636542;
	-0.0076725319, 0.999936391, 0.00830520419;
	-0.0101997191, -0.00838372915, 0.99991384
]
t: 0.0565982656 0.0302968156 0.0351279152
  noise model: diagonal sigmas[0.01; 0.01; 0.01; 0.1; 0.1; 0.1];

Factor 54: BetweenFactor(54,55)
  measured:  R: [
	0.999575441, -0.0155165591, 0.0246941751;
	0.0144724931, 0.999015402, 0.0419454836;
	-0.0253204497, -0.0415707371, 0.998815676
]
t: 0.0518446511  0.030409516 0.0430306876
  noise model: diagonal sigmas[0.01; 0.01; 0.01; 0.1; 0.1; 0.1];

Factor 55: BetweenFactor(55,56)
  measured:  R: [
	0.999652167, -0.00556870042, -0.0258103599;
	0.0066716523, 0.999061195, 0.0428121646;
	0.025547998, -0.0429699534, 0.998750652
]
t: 0.0425306558 0.0177160339  0.046503992
  noise model: diagonal sigmas[0.01; 0.01; 0.01; 0.1; 0.1; 0.1];

Factor 56: BetweenFactor(56,57)
  measured:  R: [
	0.999931767, -0.00342993634, 0.0112410929;
	0.00313728134, 0.999656784, 0.026022475;
	-0.0113261642, -0.0259859945, 0.999599103
]
t:  0.0504321646 0.00591535475  0.0522553354
  noise model: diagonal sigmas[0.01; 0.01; 0.01; 0.1; 0.1; 0.1];

Factor 57: BetweenFactor(57,58)
  measured:  R: [
	0.999724943, -0.0116445366, 0.0203986981;
	0.0114901991, 0.999904646, 0.00770693892;
	-0.0204861564, -0.00747102547, 0.999763171
]
t:     0.04737051 -0.00596056322   0.0551128652
  noise model: diagonal sigmas[0.01; 0.01; 0.01; 0.1; 0.1; 0.1];

Factor 58: BetweenFactor(58,59)
  measured:  R: [
	0.999070952, -0.0430754325, -0.0018465467;
	0.0430957549, 0.998995444, 0.0123114545;
	0.00131468149, -0.0123801914, 0.99992345
]
t:   0.0452656539 -0.00912175645   0.0512747239
  noise model: diagonal sigmas[0.01; 0.01; 0.01; 0.1; 0.1; 0.1];

Factor 59: BetweenFactor(59,60)
  measured:  R: [
	0.999195938, -0.0401149894, 6.27262574e-05;
	0.0400256555, 0.997053827, 0.065439065;
	-0.00268733197, -0.0653845475, 0.997857468
]
t:  0.0502431841 0.00459886325  0.0430584075
  noise model: diagonal sigmas[0.01; 0.01; 0.01; 0.1; 0.1; 0.1];

Factor 60: BetweenFactor(60,61)
  measured:  R: [
	0.999600079, -0.0225686809, 0.0170919412;
	0.0206189212, 0.994070377, 0.106769058;
	-0.0193998942, -0.106374614, 0.99413776
]
t: 0.0508911381 0.0158032775  0.038677495
  noise model: diagonal sigmas[0.01; 0.01; 0.01; 0.1; 0.1; 0.1];

Factor 61: BetweenFactor(61,62)
  measured:  R: [
	0.99956231, -0.0288837338, 0.00653703194;
	0.0281607253, 0.995355118, 0.0920650877;
	-0.00916546892, -0.0918414721, 0.995732289
]
t: 0.0371543237 0.0144546528 0.0352654219
  noise model: diagonal sigmas[0.01; 0.01; 0.01; 0.1; 0.1; 0.1];

Factor 62: BetweenFactor(62,63)
  measured:  R: [
	0.99992562, -0.0108645473, -0.00570611588;
	0.0111135688, 0.998903994, 0.0454778735;
	0.00520618938, -0.0455387578, 0.998949759
]
t: -0.00469711848   0.0130841995   0.0376717966
  noise model: diagonal sigmas[0.01; 0.01; 0.01; 0.1; 0.1; 0.1];

Factor 63: BetweenFactor(63,64)
  measured:  R: [
	0.999926953, -0.012162705, 0.00013161206;
	0.0121616951, 0.999889964, 0.00855325081;
	-0.000235187492, -0.00855193182, 0.999964113
]
t: 0.00206166691  0.0128172574  0.0288522348
  noise model: diagonal sigmas[0.01; 0.01; 0.01; 0.1; 0.1; 0.1];

Factor 64: BetweenFactor(64,65)
  measured:  R: [
	0.999947153, 0.00963340762, -0.00384212329;
	-0.00962870545, 0.999953546, 0.00109623713;
	0.00385295668, -0.00106009543, 0.999992717
]
t: 0.0379830872 0.0208895307 0.0130580028
  noise model: diagonal sigmas[0.01; 0.01; 0.01; 0.1; 0.1; 0.1];

Factor 65: BetweenFactor(65,66)
  measured:  R: [
	0.999856703, 0.0163692595, -0.00452638716;
	-0.0162516826, 0.999561304, 0.0247810841;
	0.0049305136, -0.0247048596, 0.999683328
]
t: 0.00349840039  0.0294729951  0.0174059538
  noise model: diagonal sigmas[0.01; 0.01; 0.01; 0.1; 0.1; 0.1];

Factor 66: BetweenFactor(66,67)
  measured:  R: [
	0.999967702, -0.00391066225, -0.00715220288;
	0.00423068821, 0.998968982, 0.0452123789;
	0.00696848844, -0.0452420596, 0.998952423
]
t: -0.0422425999   0.031362727  0.0312481447
  noise model: diagonal sigmas[0.01; 0.01; 0.01; 0.1; 0.1; 0.1];

Factor 67: BetweenFactor(67,68)
  measured:  R: [
	0.99992566, -0.0107386114, -0.00593478828;
	0.0110401627, 0.998520103, 0.0532623797;
	0.00535452235, -0.0533248289, 0.998563493
]
t: -0.0515938728  0.0254281671   0.034401341
  noise model: diagonal sigmas[0.01; 0.01; 0.01; 0.1; 0.1; 0.1];

Factor 68: BetweenFactor(68,69)
  measured:  R: [
	0.999480708, -0.0294077569, -0.0132430475;
	0.0302393012, 0.997249584, 0.0676764614;
	0.0112168797, -0.0680426622, 0.997619932
]
t: -0.0591516617  0.0154590928  0.0419698067
  noise model: diagonal sigmas[0.01; 0.01; 0.01; 0.1; 0.1; 0.1];

Factor 69: BetweenFactor(69,70)
  measured:  R: [
	0.999753226, -0.019382878, -0.0109413119;
	0.0198061721, 0.999005456, 0.0399645916;
	0.0101562723, -0.040172343, 0.999141654
]
t:  -0.0584390266 0.000375127873   0.0504596024
  noise model: diagonal sigmas[0.01; 0.01; 0.01; 0.1; 0.1; 0.1];

Factor 70: BetweenFactor(70,71)
  measured:  R: [
	0.99996842, -0.00803639653, 0.000721736033;
	0.00803887026, 0.999964035, -0.00295259627;
	-0.000697500147, 0.00295735546, 0.999995846
]
t: -0.0186449508 -0.0143873978  0.0479705767
  noise model: diagonal sigmas[0.01; 0.01; 0.01; 0.1; 0.1; 0.1];

Factor 71: BetweenFactor(71,72)
  measured:  R: [
	0.999878969, 0.0152999839, 0.00314803947;
	-0.0152275293, 0.999647737, -0.0217698381;
	-0.00347950967, 0.0217183007, 0.999758541
]
t:   0.027348333 -0.0197463736  0.0416524085
  noise model: diagonal sigmas[0.01; 0.01; 0.01; 0.1; 0.1; 0.1];

Factor 72: BetweenFactor(72,73)
  measured:  R: [
	0.999763147, 0.00121325129, -0.0217741682;
	-0.00176135325, 0.999681843, -0.0251889588;
	0.021737146, 0.0252203684, 0.999446049
]
t:  0.0475275419 -0.0260395616   0.044826284
  noise model: diagonal sigmas[0.01; 0.01; 0.01; 0.1; 0.1; 0.1];

Factor 73: BetweenFactor(73,74)
  measured:  R: [
	0.999964051, -0.00596319011, 0.00618823684;
	0.00604086902, 0.999903694, -0.0125473769;
	-0.00611235691, 0.0125833265, 0.999902646
]
t:  0.0456179037 -0.0307818234  0.0591329173
  noise model: diagonal sigmas[0.01; 0.01; 0.01; 0.1; 0.1; 0.1];

Factor 74: BetweenFactor(74,75)
  measured:  R: [
	0.999698976, -0.00240031713, 0.0244571309;
	0.00231954881, 0.999992358, 0.00334650644;
	-0.0244644965, -0.00328973574, 0.999695803
]
t:  0.0417432582 -0.0329533122  0.0724649291
  noise model: diagonal sigmas[0.01; 0.01; 0.01; 0.1; 0.1; 0.1];

Factor 75: BetweenFactor(75,76)
  measured:  R: [
	0.999684698, -0.02378239, 0.00817539027;
	0.0237505974, 0.999710508, 0.00401382349;
	-0.00826801911, -0.00381935341, 0.99995905
]
t:  0.0354067124 -0.0363694256  0.0758059896
  noise model: diagonal sigmas[0.01; 0.01; 0.01; 0.1; 0.1; 0.1];

Factor 76: BetweenFactor(76,77)
  measured:  R: [
	0.998845706, -0.0469568015, 0.010210833;
	0.046869921, 0.99886441, 0.0086248998;
	-0.0106038069, -0.00813734075, 0.999911192
]
t:  0.0288907646 -0.0309407169  0.0754835493
  noise model: diagonal sigmas[0.01; 0.01; 0.01; 0.1; 0.1; 0.1];

Factor 77: BetweenFactor(77,78)
  measured:  R: [
	0.99977994, -0.020853972, 0.00267540935;
	0.0207665526, 0.999350694, 0.0294653905;
	-0.00328772958, -0.029404304, 0.999562715
]
t:  0.0161820953 -0.0102527049  0.0762202247
  noise model: diagonal sigmas[0.01; 0.01; 0.01; 0.1; 0.1; 0.1];

Factor 78: BetweenFactor(78,79)
  measured:  R: [
	0.999825989, -0.0108620674, -0.0152313572;
	0.0114731043, 0.999110394, 0.0405967875;
	0.0147772371, -0.0407654112, 0.999059959
]
t: 0.00653746026 0.00856987706  0.0757450763
  noise model: diagonal sigmas[0.01; 0.01; 0.01; 0.1; 0.1; 0.1];

Factor 79: BetweenFactor(79,80)
  measured:  R: [
	0.999974141, -0.00158669593, -0.00715597594;
	0.00184257157, 0.999356238, 0.0358482313;
	0.00709488864, -0.0358614187, 0.999332035
]
t: 0.0102970916 0.0274049508 0.0776856234
  noise model: diagonal sigmas[0.01; 0.01; 0.01; 0.1; 0.1; 0.1];

Factor 80: BetweenFactor(80,81)
  measured:  R: [
	0.999117635, 0.0419278326, -0.00283240604;
	-0.0418070359, 0.998546182, 0.0340461974;
	0.00425621705, -0.0338986348, 0.999416623
]
t: 0.0115290864 0.0362454733 0.0869963081
  noise model: diagonal sigmas[0.01; 0.01; 0.01; 0.1; 0.1; 0.1];

Factor 81: BetweenFactor(81,82)
  measured:  R: [
	0.999870048, 0.015698737, -0.00392805784;
	-0.0157586589, 0.999751713, -0.0158024029;
	0.00367947069, 0.0158613203, 0.999867808
]
t: 0.0132576164 0.0281106566 0.0980010426
  noise model: diagonal sigmas[0.01; 0.01; 0.01; 0.1; 0.1; 0.1];

Factor 82: BetweenFactor(82,83)
  measured:  R: [
	0.999180197, 0.0400668254, -0.00596397543;
	-0.0403810656, 0.996839558, -0.0684235629;
	0.00320410574, 0.0686073073, 0.997638988
]
t: 0.0166982016 0.0188832021   0.10724496
  noise model: diagonal sigmas[0.01; 0.01; 0.01; 0.1; 0.1; 0.1];

Factor 83: BetweenFactor(83,84)
  measured:  R: [
	0.998652057, 0.0490631911, 0.0169951446;
	-0.0470260701, 0.993408485, -0.104544483;
	-0.0220118646, 0.103603302, 0.994375551
]
t: 0.0239062004 0.0153824631  0.114743021
  noise model: diagonal sigmas[0.01; 0.01; 0.01; 0.1; 0.1; 0.1];

Factor 84: BetweenFactor(84,85)
  measured:  R: [
	0.996524016, 0.070047789, 0.0451120518;
	-0.0642145707, 0.990716435, -0.119827762;
	-0.053086315, 0.116513365, 0.991769933
]
t: 0.0362456475 0.0161048655  0.108020004
  noise model: diagonal sigmas[0.01; 0.01; 0.01; 0.1; 0.1; 0.1];

Factor 85: BetweenFactor(85,86)
  measured:  R: [
	0.999554226, 0.0274040488, -0.0119227211;
	-0.0286788018, 0.991764742, -0.124825221;
	0.00840435688, 0.125110553, 0.99210791
]
t: 0.0553087539 0.0108662846 0.0823313265
  noise model: diagonal sigmas[0.01; 0.01; 0.01; 0.1; 0.1; 0.1];

Factor 86: BetweenFactor(86,87)
  measured:  R: [
	0.999952956, 0.00970116613, -0.00131510732;
	-0.00978750547, 0.993225455, -0.115794366;
	0.000183325991, 0.115800922, 0.993273228
]
t:   0.084095529 0.00941037688  0.0612872136
  noise model: diagonal sigmas[0.01; 0.01; 0.01; 0.1; 0.1; 0.1];

Factor 87: BetweenFactor(87,88)
  measured:  R: [
	0.999474538, 0.0262548823, 0.0190544424;
	-0.0242650767, 0.994889374, -0.0980158647;
	-0.0215300468, 0.0975012666, 0.995003382
]
t: 0.0864980965 0.0156945471  0.055385113
  noise model: diagonal sigmas[0.01; 0.01; 0.01; 0.1; 0.1; 0.1];

Factor 88: BetweenFactor(88,89)
  measured:  R: [
	0.999695381, 0.0244326124, -0.00372602361;
	-0.024656108, 0.996279812, -0.0825790307;
	0.0016948776, 0.0826451555, 0.996578555
]
t: 0.0732727285   0.02634069 0.0409476628
  noise model: diagonal sigmas[0.01; 0.01; 0.01; 0.1; 0.1; 0.1];

Factor 89: BetweenFactor(89,90)
  measured:  R: [
	0.999332058, 0.0262197926, -0.0254874547;
	-0.0279629433, 0.997108165, -0.0706683737;
	0.0235611161, 0.0713334057, 0.997175218
]
t: 0.0753809336 0.0342377314 0.0282959252
  noise model: diagonal sigmas[0.01; 0.01; 0.01; 0.1; 0.1; 0.1];

Factor 90: BetweenFactor(90,91)
  measured:  R: [
	0.999585747, 0.0271168267, -0.00972761847;
	-0.0277802987, 0.996696369, -0.0763231783;
	0.00762607573, 0.0765614135, 0.997036729
]
t: 0.0669436759 0.0392632116 0.0183253506
  noise model: diagonal sigmas[0.01; 0.01; 0.01; 0.1; 0.1; 0.1];

Factor 91: BetweenFactor(91,92)
  measured:  R: [
	0.99954023, 0.0273844542, 0.0130762636;
	-0.0261348021, 0.995809749, -0.0876386888;
	-0.0154212311, 0.0872563754, 0.996067569
]
t: 0.0282565197 0.0436980277 0.0322060984
  noise model: diagonal sigmas[0.01; 0.01; 0.01; 0.1; 0.1; 0.1];

Factor 92: BetweenFactor(92,93)
  measured:  R: [
	0.999634938, 0.0253886158, 0.00932318421;
	-0.0244468056, 0.995641748, -0.090002796;
	-0.0115675114, 0.0897418904, 0.995898949
]
t: -0.0275094334  0.0448302299   0.031110591
  noise model: diagonal sigmas[0.01; 0.01; 0.01; 0.1; 0.1; 0.1];

Factor 93: BetweenFactor(93,94)
  measured:  R: [
	0.999104028, 0.039156931, -0.0161039866;
	-0.0404154799, 0.995368758, -0.087225592;
	0.0126139071, 0.0877983062, 0.996059481
]
t: -0.0515878833  0.0531979796  0.0250755389
  noise model: diagonal sigmas[0.01; 0.01; 0.01; 0.1; 0.1; 0.1];

Factor 94: BetweenFactor(94,95)
  measured:  R: [
	0.998128745, 0.0507302588, -0.0341588869;
	-0.0534472258, 0.99502985, -0.0840224032;
	0.0297265352, 0.0856909908, 0.995879269
]
t: -0.0539590955  0.0522795669  0.0121901711
  noise model: diagonal sigmas[0.01; 0.01; 0.01; 0.1; 0.1; 0.1];

Factor 95: BetweenFactor(95,96)
  measured:  R: [
	0.999095307, 0.0421412918, 0.00582623779;
	-0.0414994477, 0.995569324, -0.0843826029;
	-0.00935658558, 0.0840646595, 0.996417432
]
t: -0.0502315931  0.0440130935   0.013747136
  noise model: diagonal sigmas[0.01; 0.01; 0.01; 0.1; 0.1; 0.1];

Factor 96: BetweenFactor(96,97)
  measured:  R: [
	0.999575363, 0.0152580106, 0.0248489285;
	-0.0129398782, 0.995778611, -0.0908765799;
	-0.0261308957, 0.0905167226, 0.995553096
]
t: -0.0437326646  0.0305575738   0.006623701
  noise model: diagonal sigmas[0.01; 0.01; 0.01; 0.1; 0.1; 0.1];

Factor 97: BetweenFactor(97,98)
  measured:  R: [
	0.999620629, 0.0271078205, -0.00499344211;
	-0.0274576556, 0.995142964, -0.0945393282;
	0.00240603706, 0.0946409383, 0.995509565
]
t: -0.0148055301  0.0273508701 -0.0118903887
  noise model: diagonal sigmas[0.01; 0.01; 0.01; 0.1; 0.1; 0.1];

Factor 98: BetweenFactor(98,99)
  measured:  R: [
	0.998821329, 0.0476111657, -0.0094996318;
	-0.0482738124, 0.994760338, -0.0901263955;
	0.00515832531, 0.090479154, 0.995885951
]
t: 0.00423200928  0.0233291647 -0.0237917483
  noise model: diagonal sigmas[0.01; 0.01; 0.01; 0.1; 0.1; 0.1];

Factor 99: BetweenFactor(99,100)
  measured:  R: [
	0.999624975, 0.0250671893, 0.0110707942;
	-0.0243562384, 0.997890656, -0.0601867458;
	-0.0125567484, 0.0598949634, 0.998126624
]
t: -0.0392539748  0.0185422997 -0.0162297646
  noise model: diagonal sigmas[0.01; 0.01; 0.01; 0.1; 0.1; 0.1];

Factor 100: BetweenFactor(100,101)
  measured:  R: [
	0.999863394, 0.000245622756, 0.0165566328;
	0.000850571018, 0.99781218, -0.0661185426;
	-0.0165373031, 0.0661240469, 0.997675244
]
t: -0.0566358426 0.00982832272 -0.0187843933
  noise model: diagonal sigmas[0.01; 0.01; 0.01; 0.1; 0.1; 0.1];

Factor 101: BetweenFactor(101,102)
  measured:  R: [
	0.999439388, -0.0124448079, -0.0310973965;
	0.0108275664, 0.998606394, -0.0516684521;
	0.0316963287, 0.0513032656, 0.998180843
]
t: -0.0736706108  0.0135146462 -0.0248520248
  noise model: diagonal sigmas[0.01; 0.01; 0.01; 0.1; 0.1; 0.1];

Factor 102: BetweenFactor(102,103)
  measured:  R: [
	0.998156998, 0.0182444111, -0.0578855199;
	-0.0209818508, 0.998672767, -0.0470541802;
	0.0569494423, 0.0481824592, 0.997214562
]
t: -0.0686055256  0.0273590003  -0.027902099
  noise model: diagonal sigmas[0.01; 0.01; 0.01; 0.1; 0.1; 0.1];

Factor 103: BetweenFactor(103,104)
  measured:  R: [
	0.999808668, 0.0180821175, -0.00751885781;
	-0.0184059032, 0.998790968, -0.0456018333;
	0.00668443907, 0.0457319004, 0.998932242
]
t: -0.0261553542  0.0423142642 -0.0274101874
  noise model: diagonal sigmas[0.01; 0.01; 0.01; 0.1; 0.1; 0.1];

Factor 104: BetweenFactor(104,105)
  measured:  R: [
	0.999123326, 0.0322469322, 0.0267122771;
	-0.0317626603, 0.999328151, -0.0183343518;
	-0.0272863316, 0.017470206, 0.999475829
]
t: -0.000527758084    0.0549946223   -0.0212405639
  noise model: diagonal sigmas[0.01; 0.01; 0.01; 0.1; 0.1; 0.1];

Factor 105: BetweenFactor(105,106)
  measured:  R: [
	0.99905402, 0.0389752204, 0.0193087575;
	-0.0383390793, 0.998744917, -0.0322572883;
	-0.0205425845, 0.0314868486, 0.999293854
]
t: -0.00175325833   0.0544121929   -0.010924286
  noise model: diagonal sigmas[0.01; 0.01; 0.01; 0.1; 0.1; 0.1];

Factor 106: BetweenFactor(106,107)
  measured:  R: [
	0.998972285, -0.00246476151, -0.045267187;
	-0.00171066346, 0.995760115, -0.09198242;
	0.0453010765, 0.0919656476, 0.994731974
]
t:  -0.0143886394   0.0458426436 -0.00298781582
  noise model: diagonal sigmas[0.01; 0.01; 0.01; 0.1; 0.1; 0.1];

Factor 107: BetweenFactor(107,108)
  measured:  R: [
	0.999294402, 0.0302290737, -0.0223078428;
	-0.0324224281, 0.993879606, -0.105612859;
	0.0189778258, 0.106261843, 0.994157858
]
t: -0.0136766148  0.0513094498  0.0188326873
  noise model: diagonal sigmas[0.01; 0.01; 0.01; 0.1; 0.1; 0.1];

Factor 108: BetweenFactor(108,109)
  measured:  R: [
	0.999043078, 0.0436565927, -0.00277551784;
	-0.0437350305, 0.995505129, -0.0840168589;
	-0.000905778809, 0.0840579928, 0.996461237
]
t: -0.00787766062   0.0716021267   0.0296543841
  noise model: diagonal sigmas[0.01; 0.01; 0.01; 0.1; 0.1; 0.1];

Factor 109: BetweenFactor(109,110)
  measured:  R: [
	0.999982132, 0.00601903288, -0.000390893172;
	-0.0060308877, 0.99686981, -0.0788436227;
	-8.58490589e-05, 0.078844665, 0.996887679
]
t: 0.00222991721  0.0867530755  0.0493391775
  noise model: diagonal sigmas[0.01; 0.01; 0.01; 0.1; 0.1; 0.1];

Factor 110: BetweenFactor(110,111)
  measured:  R: [
	0.996401115, 0.0304531646, 0.0791079444;
	-0.0241115331, 0.996510993, -0.0799162233;
	-0.0812665568, 0.0777212164, 0.993658227
]
t: 0.0272218931  0.107532525 0.0506123896
  noise model: diagonal sigmas[0.01; 0.01; 0.01; 0.1; 0.1; 0.1];

Factor 111: BetweenFactor(111,112)
  measured:  R: [
	0.994309731, 0.101205823, 0.0332617074;
	-0.0985281326, 0.992369576, -0.074141572;
	-0.040512465, 0.0704423296, 0.996693514
]
t: 0.0159071033  0.124259033 0.0399157735
  noise model: diagonal sigmas[0.01; 0.01; 0.01; 0.1; 0.1; 0.1];

Factor 112: BetweenFactor(112,113)
  measured:  R: [
	0.996076, 0.0842241197, -0.0271991443;
	-0.085696992, 0.994603929, -0.058490734;
	0.0221250017, 0.0605918128, 0.997918028
]
t: -0.00469500231    0.114144456   0.0114210515
  noise model: diagonal sigmas[0.01; 0.01; 0.01; 0.1; 0.1; 0.1];

Factor 113: BetweenFactor(113,114)
  measured:  R: [
	0.998617226, 0.0488722956, -0.0193913079;
	-0.0491845334, 0.998663444, -0.0159453109;
	0.0185851098, 0.0168766773, 0.999685511
]
t: -0.00245838097   0.0791834858 -0.00915243514
  noise model: diagonal sigmas[0.01; 0.01; 0.01; 0.1; 0.1; 0.1];

Factor 114: BetweenFactor(114,115)
  measured:  R: [
	0.999767638, 0.0215643264, 0.000733733493;
	-0.0215688234, 0.999749943, 0.00606919943;
	-0.000603630472, -0.00608395821, 0.999982009
]
t:  0.0065976972  0.0269472217 -0.0183476904
  noise model: diagonal sigmas[0.01; 0.01; 0.01; 0.1; 0.1; 0.1];

Factor 115: BetweenFactor(115,116)
  measured:  R: [
	0.993604465, -0.102117074, -0.0481993591;
	0.0995809371, 0.993651288, -0.0523711656;
	0.0532403152, 0.0472362072, 0.997464587
]
t:  0.0104145915 -0.0273878519 -0.0199893744
  noise model: diagonal sigmas[0.01; 0.01; 0.01; 0.1; 0.1; 0.1];

Factor 116: BetweenFactor(116,117)
  measured:  R: [
	0.999633161, -0.0202340096, -0.0180237751;
	0.0190380328, 0.997756277, -0.0642028315;
	0.0192814598, 0.0638358671, 0.997774888
]
t:   0.0186951159  -0.0483170853 -0.00304570067
  noise model: diagonal sigmas[0.01; 0.01; 0.01; 0.1; 0.1; 0.1];

Factor 117: BetweenFactor(117,118)
  measured:  R: [
	0.999830832, 0.0177390315, -0.00493062427;
	-0.0180672303, 0.996855044, -0.0771726447;
	0.00354525009, 0.0772483545, 0.997006374
]
t:    0.02707577 -0.0493312081  0.0208686638
  noise model: diagonal sigmas[0.01; 0.01; 0.01; 0.1; 0.1; 0.1];

Factor 118: BetweenFactor(118,119)
  measured:  R: [
	0.999193287, 0.0371348624, 0.0153122169;
	-0.0355226243, 0.994868082, -0.0947502183;
	-0.0187530085, 0.0941294713, 0.995384149
]
t:  0.0404253666 -0.0370490832  0.0524760736
  noise model: diagonal sigmas[0.01; 0.01; 0.01; 0.1; 0.1; 0.1];

Factor 119: BetweenFactor(119,120)
  measured:  R: [
	0.999115485, 0.0409266883, 0.00969590089;
	-0.0395999482, 0.993024409, -0.111068552;
	-0.0141747191, 0.110585904, 0.993766325
]
t:  0.0403541926 -0.0203108754  0.0704285783
  noise model: diagonal sigmas[0.01; 0.01; 0.01; 0.1; 0.1; 0.1];

Factor 120: BetweenFactor(120,121)
  measured:  R: [
	0.998820531, 0.0484468746, 0.00335816287;
	-0.0477458585, 0.992284165, -0.114429804;
	-0.0088767188, 0.114134006, 0.993426582
]
t:   0.0354259098 -0.00590592104    0.080250859
  noise model: diagonal sigmas[0.01; 0.01; 0.01; 0.1; 0.1; 0.1];

Factor 121: BetweenFactor(121,122)
  measured:  R: [
	0.997751495, 0.0592038728, 0.0314288435;
	-0.0570281359, 0.996180172, -0.0661391891;
	-0.035225067, 0.0641976575, 0.997316242
]
t: 0.0355332301 0.0198497206 0.0802982707
  noise model: diagonal sigmas[0.01; 0.01; 0.01; 0.1; 0.1; 0.1];

Factor 122: BetweenFactor(122,123)
  measured:  R: [
	0.999438594, 0.0101538846, 0.0319445627;
	-0.00911713732, 0.999432046, -0.0324628355;
	-0.0322565907, 0.0321528799, 0.998963241
]
t: 0.0323166522 0.0304080282 0.0695914253
  noise model: diagonal sigmas[0.01; 0.01; 0.01; 0.1; 0.1; 0.1];

Factor 123: BetweenFactor(123,124)
  measured:  R: [
	0.999851267, -0.0169170718, 0.00351708862;
	0.0169450729, 0.999822123, -0.00836128623;
	-0.00337557315, 0.00841915526, 0.999959784
]
t: 0.0206860215 0.0281039025 0.0462949373
  noise model: diagonal sigmas[0.01; 0.01; 0.01; 0.1; 0.1; 0.1];

Factor 124: BetweenFactor(124,125)
  measured:  R: [
	0.999960642, -0.00843043552, -0.00295428205;
	0.00845894623, 0.999913952, 0.0100936754;
	0.0028683744, -0.0101187417, 0.999945616
]
t: 0.0146570453 0.0320283125 0.0268522794
  noise model: diagonal sigmas[0.01; 0.01; 0.01; 0.1; 0.1; 0.1];

Factor 125: BetweenFactor(125,126)
  measured:  R: [
	0.999712927, 0.0236677308, 0.00386910543;
	-0.0237502852, 0.999462503, 0.0226274395;
	-0.00333203865, -0.0227133212, 0.999737389
]
t: 0.00644473568  0.0339085042  0.0074829452
  noise model: diagonal sigmas[0.01; 0.01; 0.01; 0.1; 0.1; 0.1];

Factor 126: BetweenFactor(126,127)
  measured:  R: [
	0.999506797, 0.0254896398, 0.0183726765;
	-0.0258893723, 0.99942761, 0.0218069739;
	-0.0178068662, -0.022272389, 0.999594255
]
t: -0.00220331218    0.028862946  -0.0121267262
  noise model: diagonal sigmas[0.01; 0.01; 0.01; 0.1; 0.1; 0.1];

Factor 127: BetweenFactor(127,128)
  measured:  R: [
	0.999872426, 0.0144460338, 0.00690115358;
	-0.0144995877, 0.999866322, 0.00764385477;
	-0.00679039207, -0.00774349657, 0.99994785
]
t: -0.0166354786  0.0130177889 -0.0347434188
  noise model: diagonal sigmas[0.01; 0.01; 0.01; 0.1; 0.1; 0.1];

Factor 128: BetweenFactor(128,129)
  measured:  R: [
	0.998124296, -0.0419538311, -0.0445980061;
	0.0413279555, 0.999035999, -0.0148453684;
	0.0451771965, 0.0129738336, 0.998895619
]
t:  -0.0375804145 -0.00723276996  -0.0553352902
  noise model: diagonal sigmas[0.01; 0.01; 0.01; 0.1; 0.1; 0.1];

Factor 129: BetweenFactor(129,130)
  measured:  R: [
	0.999715354, -0.00713882598, -0.0227889523;
	0.00729666923, 0.999950326, 0.00689027956;
	0.0227380426, -0.00705509002, 0.999717476
]
t: -0.0474241207 -0.0108991256 -0.0633791042
  noise model: diagonal sigmas[0.01; 0.01; 0.01; 0.1; 0.1; 0.1];

Factor 130: BetweenFactor(130,131)
  measured:  R: [
	0.99987125, 0.0159086267, 0.00233404449;
	-0.0159468245, 0.999730071, 0.0169374209;
	-0.00206452598, -0.0169729378, 0.99985474
]
t: -0.0477332464 -0.0144350895 -0.0656726677
  noise model: diagonal sigmas[0.01; 0.01; 0.01; 0.1; 0.1; 0.1];

Factor 131: BetweenFactor(131,132)
  measured:  R: [
	0.999853992, 0.00882120732, -0.0146718019;
	-0.00859886669, 0.999848038, 0.0152098581;
	0.0148031611, -0.0150819686, 0.999777588
]
t: -0.0421840978 -0.0262134994 -0.0711820207
  noise model: diagonal sigmas[0.01; 0.01; 0.01; 0.1; 0.1; 0.1];

Factor 132: BetweenFactor(132,133)
  measured:  R: [
	0.999868467, 0.00544294748, -0.0153134897;
	-0.00514680707, 0.999799817, 0.0193704539;
	0.0154152757, -0.0192895779, 0.999696008
]
t:  -0.031504761 -0.0425445935 -0.0709367293
  noise model: diagonal sigmas[0.01; 0.01; 0.01; 0.1; 0.1; 0.1];

Factor 133: BetweenFactor(133,134)
  measured:  R: [
	0.999037549, -0.0437598421, -0.00318147128;
	0.0437607371, 0.999042612, 0.000494118999;
	0.0031561992, -0.000633329122, 0.999995732
]
t: -0.0231531365 -0.0583347449 -0.0673372557
  noise model: diagonal sigmas[0.01; 0.01; 0.01; 0.1; 0.1; 0.1];

Factor 134: BetweenFactor(134,135)
  measured:  R: [
	0.999473609, -0.0271445999, -0.0177950643;
	0.027143722, 0.999632245, -0.000241659721;
	0.0177944616, -0.000241935022, 0.999842552
]
t: -0.0281095187 -0.0615402155 -0.0597162519
  noise model: diagonal sigmas[0.01; 0.01; 0.01; 0.1; 0.1; 0.1];

Factor 135: BetweenFactor(135,136)
  measured:  R: [
	0.999589267, 0.00326905413, -0.0284873846;
	-0.00379107995, 0.999826856, -0.0182592475;
	0.0284221585, 0.0183593107, 0.99942832
]
t: -0.0317666096  -0.056303667  -0.033710289
