Incremental optimization
Loading sphere2500
Parameters: K = 1, epsilon = 0.001, max_optimization_iter = 50, opt_stop_cond = 0, relinearize_skip = 4, relin_tree_depth = 2147483647, print_frequency = 100
measurements.size() = 4949
values.size() = 0 Playing forward time steps...
step = 1000, Chi2 = 0.250074, graph_error = 713.46
Before relin
Values with 1001 values:
Value 0: (gtsam::Pose3)
R: [
	1, -1.41943e-11, 3.77888e-12;
	1.41943e-11, 1, 6.02136e-12;
	-3.77888e-12, -6.02136e-12, 1
]
t: -5.79624e-13 -1.88685e-13 -7.15297e-13

Value 1: (gtsam::Pose3)
R: [
	0.980004, -0.197437, 0.0247272;
	0.19619, 0.97951, 0.0454943;
	-0.0332028, -0.0397334, 0.998659
]
t:   0.345953 -0.0946621  0.0545855

Value 2: (gtsam::Pose3)
R: [
	0.892813, -0.447281, 0.0531452;
	0.44254, 0.893036, 0.0815105;
	-0.0839187, -0.0492548, 0.995255
]
t:   0.564769  0.0218196 -0.0166743

Value 3: (gtsam::Pose3)
R: [
	0.826804, -0.562388, 0.0107203;
	0.554319, 0.817882, 0.154269;
	-0.0955271, -0.121608, 0.987971
]
t:  0.677209  0.023501 -0.260377

Value 4: (gtsam::Pose3)
R: [
	0.738383, -0.674367, 0.00441645;
	0.665151, 0.729341, 0.160112;
	-0.111195, -0.115286, 0.987089
]
t: 0.789326 0.107519 -0.38055

Value 5: (gtsam::Pose3)
R: [
	0.695731, -0.718181, -0.0132156;
	0.712452, 0.687603, 0.140052;
	-0.0914957, -0.106854, 0.990056
]
t:   1.04765  0.251619 -0.481773

Value 6: (gtsam::Pose3)
R: [
	0.540957, -0.840948, -0.013104;
	0.835721, 0.535713, 0.120756;
	-0.0945293, -0.076275, 0.992596
]
t:   1.18692  0.373825 -0.516876

Value 7: (gtsam::Pose3)
R: [
	0.403409, -0.913289, -0.056248;
	0.909748, 0.393737, 0.131642;
	-0.0980804, -0.104277, 0.9897
]
t:   1.46969  0.463673 -0.657706

Value 8: (gtsam::Pose3)
R: [
	0.270767, -0.961614, 0.044538;
	0.954472, 0.274197, 0.117471;
	-0.125174, 0.010703, 0.992077
]
t:  1.71984 0.712911 -0.50785

Value 9: (gtsam::Pose3)
R: [
	0.17636, -0.98387, 0.0299639;
	0.975441, 0.178768, 0.128674;
	-0.131955, 0.00653519, 0.991234
]
t:   1.90594  0.946498 -0.593095

Value 10: (gtsam::Pose3)
R: [
	0.070701, -0.997485, 0.00502195;
	0.989267, 0.0707622, 0.12784;
	-0.127874, -0.00407038, 0.991782
]
t:   2.03432   1.35025 -0.750833

Value 11: (gtsam::Pose3)
R: [
	0.0820071, -0.996181, -0.029963;
	0.985717, 0.0766352, 0.149962;
	-0.147093, -0.041833, 0.988238
]
t:    2.0488     1.796 -0.865611

Value 12: (gtsam::Pose3)
R: [
	0.0337831, -0.999126, -0.0246335;
	0.98502, 0.0291156, 0.169966;
	-0.169101, -0.0300065, 0.985142
]
t:   2.07172   2.39208 -0.966337

Value 13: (gtsam::Pose3)
R: [
	-0.224902, -0.971379, 0.0764337;
	0.964319, -0.210649, 0.16036;
	-0.139669, 0.109772, 0.984095
]
t:   2.07738   2.45468 -0.866287

Value 14: (gtsam::Pose3)
R: [
	-0.398609, -0.916761, 0.0257071;
	0.910857, -0.392461, 0.127726;
	-0.107005, 0.0743284, 0.991476
]
t:   2.04671   2.83192 -0.871343

Value 15: (gtsam::Pose3)
R: [
	-0.492323, -0.867736, 0.0682117;
	0.866784, -0.481615, 0.129358;
	-0.0793969, 0.122811, 0.989249
]
t:  1.84458  3.12695 -1.02293

Value 16: (gtsam::Pose3)
R: [
	-0.596916, -0.797481, 0.0878333;
	0.793789, -0.571125, 0.209084;
	-0.116577, 0.194527, 0.973945
]
t:  1.82967  3.61064 -1.01066

Value 17: (gtsam::Pose3)
R: [
	-0.610177, -0.782713, 0.122658;
	0.783278, -0.572728, 0.241781;
	-0.118996, 0.243604, 0.962547
]
t:  1.58625  3.96709 -1.06489

Value 18: (gtsam::Pose3)
R: [
	-0.700125, -0.709911, 0.0764933;
	0.704157, -0.668735, 0.238655;
	-0.11827, 0.220952, 0.968087
]
t:  1.13537  4.28106 -1.03027

Value 19: (gtsam::Pose3)
R: [
	-0.808523, -0.584352, 0.0694481;
	0.58112, -0.774263, 0.250632;
	-0.0926861, 0.242999, 0.965588
]
t: 0.908492  4.45669 -1.04219

Value 20: (gtsam::Pose3)
R: [
	-0.887174, -0.429909, 0.167633;
	0.459341, -0.857383, 0.232165;
	0.0439153, 0.282971, 0.958122
]
t: 0.631906  4.76873 -1.11038

Value 21: (gtsam::Pose3)
R: [
	-0.915625, -0.364992, 0.168561;
	0.399377, -0.873892, 0.277148;
	0.0461476, 0.321083, 0.945926
]
t:  0.122441   4.83377 -0.939533

Value 22: (gtsam::Pose3)
R: [
	-0.969826, -0.206051, 0.130307;
	0.231784, -0.944995, 0.230782;
	0.0755863, 0.254021, 0.964241
]
t: -0.261713   5.11146  -1.04015

Value 23: (gtsam::Pose3)
R: [
	-0.988713, -0.1163, 0.0944499;
	0.132402, -0.973291, 0.187546;
	0.0701156, 0.197934, 0.977704
]
t: -0.654056   5.26596  -0.98509

Value 24: (gtsam::Pose3)
R: [
	-0.985017, -0.0552818, 0.163356;
	0.0972647, -0.960284, 0.261521;
	0.142411, 0.273492, 0.951273
]
t: -1.04983  5.35051 -1.00603

Value 25: (gtsam::Pose3)
R: [
	-0.992647, 0.103402, 0.0629362;
	-0.0875655, -0.972361, 0.216442;
	0.0835772, 0.20934, 0.974265
]
t:  -1.57852   5.32492 -0.847402

Value 26: (gtsam::Pose3)
R: [
	-0.982452, 0.183253, 0.0347372;
	-0.164765, -0.939977, 0.298823;
	0.0874124, 0.287856, 0.953676
]
t:  -1.96903   5.32385 -0.742042

Value 27: (gtsam::Pose3)
R: [
	-0.935497, 0.353112, -0.012564;
	-0.337145, -0.881425, 0.330791;
	0.105732, 0.31369, 0.94362
]
t:  -2.49977   5.28458 -0.703293

Value 28: (gtsam::Pose3)
R: [
	-0.85905, 0.498847, -0.114821;
	-0.511831, -0.833621, 0.207618;
	0.00785254, 0.237123, 0.971448
]
t:  -2.89555   5.01116 -0.785361

Value 29: (gtsam::Pose3)
R: [
	-0.805157, 0.580121, -0.123217;
	-0.592985, -0.784125, 0.183075;
	0.00958771, 0.22047, 0.975347
]
t:   -3.1958   4.73926 -0.681691

Value 30: (gtsam::Pose3)
R: [
	-0.655738, 0.727406, -0.202207;
	-0.754631, -0.623236, 0.205205;
	0.0232443, 0.287153, 0.957603
]
t:  -3.59391   4.55538 -0.769843

Value 31: (gtsam::Pose3)
R: [
	-0.580424, 0.787785, -0.206163;
	-0.810444, -0.53419, 0.240461;
	0.0793013, 0.306652, 0.948512
]
t:   -3.9718   4.23456 -0.764431

Value 32: (gtsam::Pose3)
R: [
	-0.491274, 0.860272, -0.136319;
	-0.858036, -0.451088, 0.245548;
	0.149746, 0.237598, 0.959752
]
t:  -4.26617   4.00011 -0.730485

Value 33: (gtsam::Pose3)
R: [
	-0.456988, 0.876194, -0.153124;
	-0.864104, -0.396504, 0.310014;
	0.210918, 0.273987, 0.93832
]
t:  -4.74137   3.41951 -0.588576

Value 34: (gtsam::Pose3)
R: [
	-0.307301, 0.945209, -0.110212;
	-0.899369, -0.250629, 0.358219;
	0.310969, 0.209202, 0.92711
]
t:  -4.84898   2.97066 -0.421486

Value 35: (gtsam::Pose3)
R: [
	-0.168417, 0.980361, -0.102609;
	-0.939608, -0.128203, 0.317333;
	0.297946, 0.149857, 0.942747
]
t:  -4.93532   2.53281 -0.459261

Value 36: (gtsam::Pose3)
R: [
	-0.124003, 0.988896, -0.0819033;
	-0.974794, -0.105974, 0.196333;
	0.185473, 0.104185, 0.977111
]
t: -4.98921  1.89488 -0.46438

Value 37: (gtsam::Pose3)
R: [
	0.0178104, 0.992443, -0.12141;
	-0.983694, 0.039128, 0.17554;
	0.178964, 0.116304, 0.976957
]
t:  -5.00623   1.51817 -0.365428

Value 38: (gtsam::Pose3)
R: [
	0.222557, 0.973643, -0.0498854;
	-0.964055, 0.227406, 0.137422;
	0.145145, 0.0175079, 0.989256
]
t:  -5.09098   1.08442 -0.422782

Value 39: (gtsam::Pose3)
R: [
	0.299291, 0.949825, -0.0908641;
	-0.952308, 0.303286, 0.0335783;
	0.0594513, 0.0764809, 0.995297
]
t:  -4.89193  0.426904 -0.242463

Value 40: (gtsam::Pose3)
R: [
	0.341803, 0.936015, -0.0839443;
	-0.935296, 0.347522, 0.0667012;
	0.0916058, 0.0557141, 0.994236
]
t:  -4.61588  -0.22254 -0.276334

Value 41: (gtsam::Pose3)
R: [
	0.474257, 0.878022, -0.064481;
	-0.867708, 0.478557, 0.134413;
	0.148875, -0.00779553, 0.988825
]
t:   -4.3791 -0.775597 -0.261683

Value 42: (gtsam::Pose3)
R: [
	0.610091, 0.789941, -0.0614956;
	-0.766188, 0.607954, 0.208203;
	0.201855, -0.0799058, 0.97615
]
t:  -3.89984  -1.31363 -0.260327

Value 43: (gtsam::Pose3)
R: [
	0.666418, 0.744628, -0.0376342;
	-0.717531, 0.654245, 0.238983;
	0.202576, -0.132259, 0.970294
]
t:  -3.43777  -1.63094 -0.200508

Value 44: (gtsam::Pose3)
R: [
	0.794913, 0.604674, -0.0498157;
	-0.583615, 0.7845, 0.209649;
	0.16585, -0.13758, 0.976507
]
t:  -3.05689  -2.05928 -0.228693

Value 45: (gtsam::Pose3)
R: [
	0.898677, 0.434974, -0.05637;
	-0.420715, 0.891197, 0.169604;
	0.12401, -0.128703, 0.983899
]
t:  -2.82445  -2.43491 -0.377351

Value 46: (gtsam::Pose3)
R: [
	0.936048, 0.342865, -0.0791045;
	-0.328608, 0.932172, 0.151897;
	0.125819, -0.116189, 0.985226
]
t:  -2.33886  -2.72264 -0.244045

Value 47: (gtsam::Pose3)
R: [
	0.976601, 0.192556, -0.0957736;
	-0.175615, 0.971093, 0.161672;
	0.124136, -0.14107, 0.982186
]
t:   -1.8037  -3.02474 -0.186455

Value 48: (gtsam::Pose3)
R: [
	0.993625, -0.00798448, -0.112457;
	0.028246, 0.983306, 0.179755;
	0.109144, -0.181786, 0.977262
]
t:   -1.19152    -3.1502 -0.0553604

Value 49: (gtsam::Pose3)
R: [
	0.990318, -0.119495, -0.0706507;
	0.126291, 0.986819, 0.101185;
	0.0576284, -0.109128, 0.992356
]
t:  -0.677227   -3.17209 0.00627659

Value 50: (gtsam::Pose3)
R: [
	0.993407, -0.110895, -0.0290556;
	0.113101, 0.98945, 0.0905367;
	0.018709, -0.0932261, 0.995469
]
t:    0.11665   -2.99657 -0.0591088

Value 51: (gtsam::Pose3)
R: [
	0.910711, -0.412007, 0.0292624;
	0.407567, 0.907874, 0.0982563;
	-0.0670489, -0.0775567, 0.994731
]
t:  0.776913  -3.06274 0.0805203

Value 52: (gtsam::Pose3)
R: [
	0.907046, -0.416571, 0.0611218;
	0.415841, 0.909098, 0.0248312;
	-0.0659097, 0.00289385, 0.997821
]
t:   1.72267  -2.69615 0.0470217

Value 53: (gtsam::Pose3)
R: [
	0.856331, -0.514104, 0.0489297;
	0.507158, 0.855048, 0.108092;
	-0.0974077, -0.0677473, 0.992936
]
t:    2.24073   -2.47123 -0.0906117

Value 54: (gtsam::Pose3)
R: [
	0.789231, -0.613087, 0.035196;
	0.603861, 0.785222, 0.137033;
	-0.11165, -0.0868974, 0.989941
]
t:   2.77043  -2.10415 -0.121396

Value 55: (gtsam::Pose3)
R: [
	0.675576, -0.734051, 0.069036;
	0.73031, 0.679094, 0.0740202;
	-0.101217, 0.000411397, 0.994864
]
t:  3.29243 -1.78768 -0.25837

Value 56: (gtsam::Pose3)
R: [
	0.580874, -0.813804, 0.0175718;
	0.810266, 0.580143, 0.083079;
	-0.0778042, -0.0340206, 0.996388
]
t:  3.80248 -1.26439 -0.45969

Value 57: (gtsam::Pose3)
R: [
	0.510673, -0.858171, 0.0524964;
	0.856905, 0.513003, 0.0504097;
	-0.0701909, 0.0192416, 0.997348
]
t:   4.27303 -0.691457 -0.438356

Value 58: (gtsam::Pose3)
R: [
	0.413567, -0.91046, 0.0048996;
	0.906782, 0.412369, 0.0877379;
	-0.0819024, -0.0318427, 0.996132
]
t:   4.57305 -0.144265  -0.54887

Value 59: (gtsam::Pose3)
R: [
	0.303538, -0.952579, 0.0213913;
	0.945425, 0.303898, 0.117552;
	-0.118478, -0.0154575, 0.992836
]
t:  4.80836 0.522799 -0.66313

Value 60: (gtsam::Pose3)
R: [
	0.154301, -0.985673, 0.0681193;
	0.979257, 0.161732, 0.122062;
	-0.13133, 0.047872, 0.990182
]
t:   5.12962   1.22059 -0.791784

Value 61: (gtsam::Pose3)
R: [
	0.030178, -0.99946, 0.0130227;
	0.986477, 0.0318807, 0.160768;
	-0.161096, 0.00799493, 0.986906
]
t:   5.12284   1.70483 -0.959007

Value 62: (gtsam::Pose3)
R: [
	-0.0616891, -0.996609, 0.0544498;
	0.985829, -0.0523137, 0.159387;
	-0.155998, 0.0635107, 0.985713
]
t:  5.11621  2.50435 -1.07593

Value 63: (gtsam::Pose3)
R: [
	-0.115417, -0.990781, 0.0709436;
	0.97888, -0.101316, 0.177567;
	-0.168742, 0.0899394, 0.981548
]
t: 5.04663  3.1887 -1.2648

Value 64: (gtsam::Pose3)
R: [
	-0.276846, -0.958174, 0.0725129;
	0.946774, -0.259096, 0.191021;
	-0.164244, 0.121537, 0.978904
]
t:  4.87458  3.82048 -1.32395

Value 65: (gtsam::Pose3)
R: [
	-0.30853, -0.945545, 0.103699;
	0.941391, -0.287897, 0.17578;
	-0.136353, 0.151854, 0.978952
]
t:  4.54324  4.57585 -1.44608

Value 66: (gtsam::Pose3)
R: [
	-0.453042, -0.880457, 0.139816;
	0.883712, -0.422861, 0.200602;
	-0.117499, 0.214438, 0.969644
]
t:  4.10108  5.15318 -1.59739

Value 67: (gtsam::Pose3)
R: [
	-0.631821, -0.759464, 0.154975;
	0.771103, -0.595547, 0.22522;
	-0.0787514, 0.2618, 0.961904
]
t: 3.90834 5.74008 -1.7269

Value 68: (gtsam::Pose3)
R: [
	-0.727641, -0.672319, 0.136108;
	0.680875, -0.683776, 0.26241;
	-0.083356, 0.283613, 0.955309
]
t:  3.29813  6.32129 -1.67775

Value 69: (gtsam::Pose3)
R: [
	-0.816752, -0.568795, 0.0968903;
	0.571531, -0.774498, 0.271118;
	-0.0791692, 0.276812, 0.957657
]
t:  2.57588  6.74637 -1.89461

Value 70: (gtsam::Pose3)
R: [
	-0.872572, -0.464916, 0.149902;
	0.487474, -0.848485, 0.206015;
	0.0314094, 0.252836, 0.966999
]
t:  1.97956  7.13786 -2.08266

Value 71: (gtsam::Pose3)
R: [
	-0.927566, -0.368571, 0.0614478;
	0.373425, -0.908555, 0.187299;
	-0.0132044, 0.196679, 0.980379
]
t:  1.34472  7.50758 -2.09572

Value 72: (gtsam::Pose3)
R: [
	-0.969867, -0.222278, 0.0997518;
	0.237767, -0.952853, 0.188517;
	0.0531456, 0.206554, 0.976991
]
t: 0.637418  7.90807 -2.08898

Value 73: (gtsam::Pose3)
R: [
	-0.98636, -0.153395, 0.0596906;
	0.162291, -0.966851, 0.197131;
	0.027473, 0.204129, 0.978558
]
t: -0.345946   8.19816  -1.91618

Value 74: (gtsam::Pose3)
R: [
	-0.982507, 0.110128, 0.150171;
	-0.0721588, -0.968539, 0.238172;
	0.171676, 0.22317, 0.959543
]
t: -0.923511   8.20026  -1.91033

Value 75: (gtsam::Pose3)
R: [
	-0.992149, 0.116558, 0.0453251;
	-0.098957, -0.953298, 0.28536;
	0.0764693, 0.278635, 0.957348
]
t: -1.79751  8.24233 -1.86492

Value 76: (gtsam::Pose3)
R: [
	-0.962385, 0.266061, 0.0550118;
	-0.230608, -0.907004, 0.352369;
	0.143648, 0.326429, 0.934243
]
t: -2.50208  8.20195 -1.81553

Value 77: (gtsam::Pose3)
R: [
	-0.932363, 0.360266, -0.0301406;
	-0.347209, -0.869097, 0.352302;
	0.100727, 0.338938, 0.935401
]
t: -3.52139  7.92897 -1.51406

Value 78: (gtsam::Pose3)
R: [
	-0.889903, 0.445427, -0.0983223;
	-0.454873, -0.850443, 0.264265;
	0.0340932, 0.279895, 0.959425
]
t: -4.29472  7.64336 -1.47112

Value 79: (gtsam::Pose3)
R: [
	-0.823583, 0.540978, -0.170452;
	-0.566684, -0.797569, 0.20677;
	-0.0240893, 0.266884, 0.963427
]
t: -4.98336  7.23735 -1.55107

Value 80: (gtsam::Pose3)
R: [
	-0.737483, 0.671812, -0.069198;
	-0.67306, -0.722637, 0.157434;
	0.0557607, 0.162679, 0.985102
]
t: -5.72689  6.60509 -1.71962

Value 81: (gtsam::Pose3)
R: [
	-0.656011, 0.746658, -0.110234;
	-0.750258, -0.6292, 0.203026;
	0.0822313, 0.215891, 0.972949
]
t: -6.33654  5.92316 -1.70043

Value 82: (gtsam::Pose3)
R: [
	-0.505856, 0.859991, -0.0672683;
	-0.854908, -0.489405, 0.172092;
	0.115076, 0.144562, 0.982781
]
t:  -6.8379  5.40309 -1.59602

Value 83: (gtsam::Pose3)
R: [
	-0.351627, 0.928041, -0.122878;
	-0.9222, -0.320826, 0.215912;
	0.160953, 0.189238, 0.96865
]
t:  -7.2323  4.74828 -1.40985

Value 84: (gtsam::Pose3)
R: [
	-0.298055, 0.942284, -0.152527;
	-0.915621, -0.237059, 0.324717;
	0.269818, 0.236441, 0.933431
]
t: -7.60169  3.76134 -1.26338

Value 85: (gtsam::Pose3)
R: [
	-0.211032, 0.970908, -0.113153;
	-0.939152, -0.169297, 0.298886;
	0.271034, 0.169343, 0.947557
]
t:  -7.90209   2.95593 -0.948587

Value 86: (gtsam::Pose3)
R: [
	-0.0831657, 0.979305, -0.184514;
	-0.979703, -0.0464596, 0.194997;
	0.182389, 0.196986, 0.963292
]
t:  -8.05313   2.16349 -0.741402

Value 87: (gtsam::Pose3)
R: [
	0.0518921, 0.967922, -0.245833;
	-0.997143, 0.0637513, 0.0405255;
	0.0548978, 0.243028, 0.968465
]
t:  -8.21668   1.38697 -0.585883

Value 88: (gtsam::Pose3)
R: [
	0.226677, 0.958387, -0.173529;
	-0.969354, 0.23932, 0.0554964;
	0.0947159, 0.155631, 0.983264
]
t:  -7.93298  0.405971 -0.592877

Value 89: (gtsam::Pose3)
R: [
	0.269433, 0.943992, -0.190485;
	-0.957137, 0.284325, 0.0552073;
	0.106275, 0.167446, 0.980136
]
t:  -7.65437 -0.433088 -0.479187

Value 90: (gtsam::Pose3)
R: [
	0.403519, 0.909435, -0.100505;
	-0.911475, 0.409138, 0.0426577;
	0.0799149, 0.0743947, 0.994022
]
t:  -7.34866  -1.32297 -0.354163

Value 91: (gtsam::Pose3)
R: [
	0.56339, 0.808766, -0.168787;
	-0.806516, 0.582693, 0.100007;
	0.179233, 0.0797863, 0.980566
]
t:  -7.00463  -2.17659 -0.378698

Value 92: (gtsam::Pose3)
R: [
	0.608372, 0.757538, -0.236684;
	-0.751331, 0.645808, 0.135771;
	0.255704, 0.0952287, 0.962054
]
t:  -6.36732  -3.16544 -0.306535

Value 93: (gtsam::Pose3)
R: [
	0.712454, 0.680449, -0.17146;
	-0.661267, 0.732795, 0.16043;
	0.234809, -0.00091795, 0.972041
]
t:    -5.6411   -3.79724 -0.0255646

Value 94: (gtsam::Pose3)
R: [
	0.78041, 0.621767, -0.0660772;
	-0.616128, 0.782699, 0.0881369;
	0.106519, -0.0280709, 0.993914
]
t:   -4.91156   -4.47541 0.00903778

Value 95: (gtsam::Pose3)
R: [
	0.876872, 0.471121, -0.0956037;
	-0.46553, 0.8818, 0.0755631;
	0.119903, -0.0217527, 0.992547
]
t:    -4.1713   -5.10134 0.00780706

Value 96: (gtsam::Pose3)
R: [
	0.933678, 0.351671, -0.0676225;
	-0.341835, 0.931488, 0.124416;
	0.106743, -0.0930486, 0.989923
]
t:  -3.29592  -5.55192 0.0352387

Value 97: (gtsam::Pose3)
R: [
	0.968621, 0.233777, -0.0843939;
	-0.221307, 0.96578, 0.135249;
	0.113124, -0.112328, 0.987211
]
t: -2.25298 -5.98361 0.168872

Value 98: (gtsam::Pose3)
R: [
	0.992973, 0.0626364, -0.100407;
	-0.0502512, 0.991324, 0.121454;
	0.107143, -0.115555, 0.987506
]
t: -1.28751 -6.10609  0.14134

Value 99: (gtsam::Pose3)
R: [
	0.996731, -0.0400821, -0.0701454;
	0.0465881, 0.994508, 0.0937166;
	0.0660038, -0.0966782, 0.993125
]
t: -0.304554  -6.15734  0.273068

Value 100: (gtsam::Pose3)
R: [
	0.983939, -0.174805, -0.0361559;
	0.177372, 0.980215, 0.0878533;
	0.0200833, -0.0928554, 0.995477
]
t: 0.746242 -5.98416 0.280139

Value 101: (gtsam::Pose3)
R: [
	0.956237, -0.290336, 0.0362773;
	0.282178, 0.947869, 0.148056;
	-0.0773719, -0.13134, 0.988313
]
t:  1.90013 -5.75338 0.129352

Value 102: (gtsam::Pose3)
R: [
	0.907074, -0.406132, 0.110785;
	0.402869, 0.913812, 0.0514149;
	-0.122118, -0.00200532, 0.992514
]
t:  2.84603 -5.49325 0.174783

Value 103: (gtsam::Pose3)
R: [
	0.877701, -0.467516, 0.105216;
	0.465169, 0.883954, 0.0473611;
	-0.115148, 0.00737441, 0.993321
]
t:    3.80663    -5.0978 -0.0733425

Value 104: (gtsam::Pose3)
R: [
	0.796875, -0.59716, 0.0915943;
	0.594233, 0.802091, 0.0594738;
	-0.108982, 0.00703511, 0.994019
]
t:  4.69406 -4.49943 0.044499

Value 105: (gtsam::Pose3)
R: [
	0.752003, -0.651914, 0.097467;
	0.649065, 0.758125, 0.0629299;
	-0.114917, 0.015939, 0.993247
]
t:   5.50581  -3.81754 -0.272934

Value 106: (gtsam::Pose3)
R: [
	0.662556, -0.746696, 0.0588516;
	0.743416, 0.66516, 0.0699695;
	-0.0913917, -0.00260755, 0.995812
]
t:   6.20384  -3.08909 -0.519381

Value 107: (gtsam::Pose3)
R: [
	0.527352, -0.844689, 0.0916537;
	0.84613, 0.53191, 0.033706;
	-0.0772226, 0.059776, 0.99522
]
t:   6.82119  -2.26224 -0.657238

Value 108: (gtsam::Pose3)
R: [
	0.443128, -0.893379, 0.074234;
	0.893735, 0.446714, 0.0410419;
	-0.0698274, 0.0481587, 0.996396
]
t:  7.27233 -1.39954 -0.79277

Value 109: (gtsam::Pose3)
R: [
	0.258469, -0.961299, 0.0953822;
	0.962778, 0.264424, 0.0560125;
	-0.0790662, 0.0773545, 0.993864
]
t:   7.75993 -0.476854 -0.875048

Value 110: (gtsam::Pose3)
R: [
	0.188987, -0.979751, 0.0661236;
	0.972988, 0.195923, 0.122102;
	-0.132585, 0.0412618, 0.990312
]
t:   8.09421  0.667856 -0.992692

Value 111: (gtsam::Pose3)
R: [
	-0.00999803, -0.998296, 0.0574832;
	0.983165, 0.000674729, 0.182719;
	-0.182447, 0.0583423, 0.981483
]
t:   8.2101  1.58294 -1.14575

Value 112: (gtsam::Pose3)
R: [
	-0.143813, -0.986799, 0.0744688;
	0.985536, -0.135998, 0.101111;
	-0.0896489, 0.0879327, 0.992084
]
t:  8.28588  2.49959 -1.47235

Value 113: (gtsam::Pose3)
R: [
	-0.285659, -0.957346, 0.0434356;
	0.946081, -0.274494, 0.171996;
	-0.152737, 0.0902258, 0.98414
]
t:  8.15908  3.54439 -1.60379

Value 114: (gtsam::Pose3)
R: [
	-0.373604, -0.915807, 0.147371;
	0.917793, -0.341936, 0.201833;
	-0.134448, 0.210662, 0.968269
]
t:  7.83987  4.61043 -1.76156

Value 115: (gtsam::Pose3)
R: [
	-0.48737, -0.869764, 0.0773296;
	0.865284, -0.469163, 0.17655;
	-0.117276, 0.152957, 0.981249
]
t: 7.35322 5.58511 -2.0647

Value 116: (gtsam::Pose3)
R: [
	-0.601653, -0.797379, 0.0469079;
	0.782724, -0.576851, 0.233635;
	-0.159237, 0.177283, 0.971192
]
t:  6.77703  6.46942 -2.35421

Value 117: (gtsam::Pose3)
R: [
	-0.659351, -0.745519, 0.0972534;
	0.744107, -0.62859, 0.22623;
	-0.107526, 0.221532, 0.969207
]
t:  6.24658  7.51767 -2.59191

Value 118: (gtsam::Pose3)
R: [
	-0.74354, -0.647514, 0.166956;
	0.660196, -0.671173, 0.337145;
	-0.10625, 0.360905, 0.92653
]
t:  5.36762  8.27017 -2.63362

Value 119: (gtsam::Pose3)
R: [
	-0.765635, -0.622802, 0.161001;
	0.638493, -0.705292, 0.308042;
	-0.0782966, 0.338646, 0.937651
]
t:  4.35843  8.98569 -2.80178

Value 120: (gtsam::Pose3)
R: [
	-0.847123, -0.501894, 0.174597;
	0.531161, -0.809504, 0.250143;
	0.0157915, 0.304641, 0.952336
]
t:  3.45675  9.74136 -2.88546

Value 121: (gtsam::Pose3)
R: [
	-0.923944, -0.364029, 0.11752;
	0.382456, -0.873139, 0.30225;
	-0.00741618, 0.324209, 0.945957
]
t:  2.42526   10.323 -2.87874

Value 122: (gtsam::Pose3)
R: [
	-0.973193, -0.187814, 0.132748;
	0.217762, -0.938173, 0.269093;
	0.0740008, 0.290787, 0.953922
]
t: 1.32406 10.8173 -2.8128

Value 123: (gtsam::Pose3)
R: [
	-0.992663, -0.120824, -0.00465708;
	0.112504, -0.937048, 0.33058;
	-0.044306, 0.32763, 0.943767
]
t: 0.195013  10.9734 -2.62055

Value 124: (gtsam::Pose3)
R: [
	-0.997262, 0.00644893, 0.0736703;
	0.0240751, -0.913611, 0.405876;
	0.0699234, 0.406538, 0.910954
]
t: -1.2479 11.1179 -2.6127

Value 125: (gtsam::Pose3)
R: [
	-0.990293, 0.138887, 0.00551174;
	-0.129538, -0.936557, 0.325702;
	0.0503978, 0.321826, 0.945457
]
t: -2.28695  11.1643 -2.62208

Value 126: (gtsam::Pose3)
R: [
	-0.953193, 0.288909, -0.0891866;
	-0.298385, -0.851126, 0.431916;
	0.0488751, 0.438311, 0.897494
]
t: -3.30622  11.0517 -2.64672

Value 127: (gtsam::Pose3)
R: [
	-0.927619, 0.372833, -0.022788;
	-0.352863, -0.854654, 0.38086;
	0.122521, 0.361334, 0.924352
]
t: -4.54901   10.623 -2.59203

Value 128: (gtsam::Pose3)
R: [
	-0.823865, 0.54744, -0.146819;
	-0.560398, -0.747995, 0.355609;
	0.0848549, 0.375251, 0.923031
]
t: -5.63735  10.2836 -2.43852

Value 129: (gtsam::Pose3)
R: [
	-0.805587, 0.555581, -0.205814;
	-0.591554, -0.734858, 0.331734;
	0.0330609, 0.38899, 0.920648
]
t: -6.67389   9.6103 -2.30271

Value 130: (gtsam::Pose3)
R: [
	-0.68495, 0.697656, -0.21005;
	-0.727986, -0.643584, 0.236297;
	0.0296692, 0.314764, 0.948706
]
t: -7.61038  8.87066 -2.23175

Value 131: (gtsam::Pose3)
R: [
	-0.636718, 0.757565, -0.143821;
	-0.766633, -0.601885, 0.223625;
	0.0828472, 0.252644, 0.964006
]
t: -8.54582  7.76279 -2.35786

Value 132: (gtsam::Pose3)
R: [
	-0.533116, 0.82483, -0.188264;
	-0.844066, -0.503337, 0.184944;
	0.0577868, 0.257504, 0.964548
]
t: -9.37316  6.94219 -2.17662

Value 133: (gtsam::Pose3)
R: [
	-0.438026, 0.879386, -0.186583;
	-0.891157, -0.397476, 0.218751;
	0.118204, 0.262093, 0.957776
]
t: -10.0392  5.79623 -2.15849

Value 134: (gtsam::Pose3)
R: [
	-0.349771, 0.922127, -0.165352;
	-0.924524, -0.311235, 0.219974;
	0.151381, 0.229813, 0.96139
]
t: -10.6114  4.61406 -1.94929

Value 135: (gtsam::Pose3)
R: [
	-0.120238, 0.922425, -0.366982;
	-0.978199, -0.0470359, 0.202271;
	0.169318, 0.383302, 0.907971
]
t: -10.8698  3.49357 -1.73893

Value 136: (gtsam::Pose3)
R: [
	-0.00766074, 0.981233, -0.192671;
	-0.997145, 0.006979, 0.0751897;
	0.0751233, 0.192697, 0.978378
]
t: -11.1041   2.2771 -1.48797

Value 137: (gtsam::Pose3)
R: [
	0.0789362, 0.948373, -0.307177;
	-0.985413, 0.120834, 0.119838;
	0.150768, 0.293236, 0.944077
]
t: -11.0177  1.28095 -1.30448

Value 138: (gtsam::Pose3)
R: [
	0.241997, 0.947138, -0.210635;
	-0.959474, 0.2659, 0.0933102;
	0.144386, 0.179518, 0.973101
]
t:  -10.8866 -0.168602  -1.18629

Value 139: (gtsam::Pose3)
R: [
	0.382351, 0.8954, -0.228179;
	-0.919953, 0.392016, -0.00321778;
	0.0865687, 0.211144, 0.973614
]
t: -10.5894 -1.40265 -1.05047

Value 140: (gtsam::Pose3)
R: [
	0.530112, 0.819392, -0.218122;
	-0.847019, 0.523631, -0.0914904;
	0.0392486, 0.233253, 0.971624
]
t:  -10.0753  -2.72611 -0.836734

Value 141: (gtsam::Pose3)
R: [
	0.547265, 0.805178, -0.228449;
	-0.807578, 0.579689, 0.108531;
	0.219816, 0.125095, 0.967488
]
t:  -9.41854  -3.91411 -0.845431

Value 142: (gtsam::Pose3)
R: [
	0.630426, 0.732785, -0.256105;
	-0.742709, 0.665346, 0.0754878;
	0.225715, 0.142622, 0.963697
]
t:  -8.67986  -5.02228 -0.574575

Value 143: (gtsam::Pose3)
R: [
	0.776545, 0.609673, -0.15899;
	-0.623931, 0.779219, -0.0593869;
	0.0876812, 0.145315, 0.985493
]
t:  -7.78538  -6.04333 -0.161848

Value 144: (gtsam::Pose3)
R: [
	0.863683, 0.494512, -0.0975189;
	-0.499725, 0.865366, -0.037638;
	0.0657771, 0.0812399, 0.994522
]
t:    -6.7208   -6.96896 -0.0758528

Value 145: (gtsam::Pose3)
R: [
	0.896454, 0.407231, -0.174736;
	-0.418677, 0.90754, -0.0328822;
	0.14519, 0.102635, 0.984066
]
t:    -5.49646    -7.66806 -0.00596985

Value 146: (gtsam::Pose3)
R: [
	0.938976, 0.329003, -0.100401;
	-0.327149, 0.944329, 0.0348841;
	0.106288, 9.05984e-05, 0.994335
]
t:  -4.3103 -8.37726 0.196212

Value 147: (gtsam::Pose3)
R: [
	0.96434, 0.256272, -0.0661281;
	-0.251891, 0.965372, 0.0678852;
	0.0812353, -0.0488074, 0.995499
]
t: -2.86189 -8.82181 0.288737

Value 148: (gtsam::Pose3)
R: [
	0.990494, 0.098113, -0.0964175;
	-0.0967341, 0.995131, 0.0188841;
	0.0978008, -0.00937771, 0.995162
]
t: -1.64529 -9.16776 0.382212

Value 149: (gtsam::Pose3)
R: [
	0.998476, 0.000350474, -0.0551878;
	0.00187007, 0.999191, 0.0401793;
	0.0551572, -0.0402213, 0.997667
]
t: -0.248032  -9.21798  0.413136

Value 150: (gtsam::Pose3)
R: [
	0.990787, -0.130555, 0.035992;
	0.12815, 0.989779, 0.062567;
	-0.0437926, -0.0573782, 0.997392
]
t:  1.22638 -9.01545 0.439959

Value 151: (gtsam::Pose3)
R: [
	0.964229, -0.243269, 0.105274;
	0.233399, 0.967447, 0.0978373;
	-0.125648, -0.0697666, 0.989619
]
t:  2.63534 -8.79558 0.338138

Value 152: (gtsam::Pose3)
R: [
	0.933264, -0.346689, 0.0939393;
	0.33955, 0.936825, 0.0840559;
	-0.117146, -0.0465492, 0.992023
]
t:   3.97782  -8.21061 0.0706768

Value 153: (gtsam::Pose3)
R: [
	0.858069, -0.501266, 0.111579;
	0.500381, 0.864978, 0.0378387;
	-0.115481, 0.0233638, 0.993035
]
t:     5.2489   -7.72595 -0.0649001

Value 154: (gtsam::Pose3)
R: [
	0.783602, -0.604769, 0.142208;
	0.590136, 0.796124, 0.133884;
	-0.194184, -0.0209899, 0.980741
]
t:  6.43614 -6.97039 -0.15854

Value 155: (gtsam::Pose3)
R: [
	0.725258, -0.679965, 0.107932;
	0.674438, 0.733181, 0.0870541;
	-0.138327, 0.00965671, 0.990339
]
t:   7.51433  -6.00079 -0.472426

Value 156: (gtsam::Pose3)
R: [
	0.619968, -0.780305, 0.0822422;
	0.772687, 0.625387, 0.108843;
	-0.136364, -0.00393139, 0.990651
]
t:   8.46368  -5.10867 -0.698391

Value 157: (gtsam::Pose3)
R: [
	0.455716, -0.885732, 0.0883336;
	0.889508, 0.456847, -0.00813861;
	-0.0331463, 0.0822823, 0.996058
]
t:   9.38854  -4.00525 -0.994461

Value 158: (gtsam::Pose3)
R: [
	0.438202, -0.892604, 0.106005;
	0.897305, 0.441354, 0.00711384;
	-0.0531356, 0.0920015, 0.99434
]
t:  10.0224 -2.65687  -1.0357

Value 159: (gtsam::Pose3)
R: [
	0.296713, -0.947001, 0.123088;
	0.94766, 0.3079, 0.0844857;
	-0.117907, 0.0915774, 0.988793
]
t:  10.6324 -1.27686 -1.22287

Value 160: (gtsam::Pose3)
R: [
	0.152552, -0.975506, 0.158481;
	0.979059, 0.171043, 0.110399;
	-0.134802, 0.138321, 0.981171
]
t:   11.1032 0.0488809  -1.18204

Value 161: (gtsam::Pose3)
R: [
	-0.0145481, -0.988967, 0.147421;
	0.989666, 0.00679282, 0.143233;
	-0.142655, 0.147981, 0.978648
]
t:  11.2244  1.45959 -1.34541

Value 162: (gtsam::Pose3)
R: [
	-0.0789128, -0.993294, 0.0844982;
	0.982375, -0.0630769, 0.175957;
	-0.169447, 0.0968942, 0.980765
]
t:  11.1707  2.85819 -1.67935

Value 163: (gtsam::Pose3)
R: [
	-0.271385, -0.958488, 0.0874718;
	0.931188, -0.238496, 0.275698;
	-0.243392, 0.156273, 0.957256
]
t:  11.1478  4.31561 -2.03355

Value 164: (gtsam::Pose3)
R: [
	-0.387829, -0.909231, 0.15129;
	0.885401, -0.321861, 0.335366;
	-0.256231, 0.264017, 0.929861
]
t:   10.635  5.63691 -2.31397

Value 165: (gtsam::Pose3)
R: [
	-0.522813, -0.847069, 0.0956111;
	0.832955, -0.483785, 0.268586;
	-0.181256, 0.22006, 0.958499
]
t:  10.0457  7.00255 -2.70645

Value 166: (gtsam::Pose3)
R: [
	-0.606627, -0.785629, 0.121616;
	0.772797, -0.546863, 0.322064;
	-0.186516, 0.289357, 0.938874
]
t:  9.34528  8.18459 -3.08969

Value 167: (gtsam::Pose3)
R: [
	-0.697943, -0.709443, 0.0978057;
	0.703704, -0.65403, 0.277572;
	-0.132953, 0.262555, 0.955713
]
t:  8.42466  9.33744 -3.45707

Value 168: (gtsam::Pose3)
R: [
	-0.816364, -0.555671, 0.157412;
	0.57556, -0.760236, 0.301283;
	-0.0477441, 0.336556, 0.940452
]
t:  7.32144  10.3391 -3.90937

Value 169: (gtsam::Pose3)
R: [
	-0.806787, -0.573931, 0.140349;
	0.584427, -0.740277, 0.332317;
	-0.0868296, 0.350133, 0.932667
]
t:  6.17839  11.3328 -3.89729

Value 170: (gtsam::Pose3)
R: [
	-0.868022, -0.455404, 0.197852;
	0.49651, -0.799285, 0.338557;
	0.00395983, 0.39211, 0.91991
]
t:  4.86824  12.1715 -3.92027

Value 171: (gtsam::Pose3)
R: [
	-0.93618, -0.27119, 0.223659;
	0.342016, -0.84967, 0.401356;
	0.0811925, 0.452236, 0.888195
]
t:  3.51974  12.9283 -3.99198

Value 172: (gtsam::Pose3)
R: [
	-0.963744, -0.150015, 0.220667;
	0.239713, -0.850007, 0.469069;
	0.117201, 0.504959, 0.85515
]
t:  1.97428  13.5344 -3.89217

Value 173: (gtsam::Pose3)
R: [
	-0.998877, -0.0428793, 0.020148;
	0.047333, -0.884892, 0.463385;
	-0.0020408, 0.463818, 0.885928
]
t: 0.553971  13.9345 -3.75308

Value 174: (gtsam::Pose3)
R: [
	-0.999803, -0.0197769, -0.00158233;
	0.0174907, -0.916248, 0.400229;
	-0.0093651, 0.400123, 0.916414
]
t: -1.14794  13.8716 -3.87592

Value 175: (gtsam::Pose3)
R: [
	-0.978783, 0.131634, -0.157021;
	-0.182577, -0.908132, 0.376778;
	-0.0929991, 0.397452, 0.912898
]
t: -2.63881  13.9524 -3.87467

Value 176: (gtsam::Pose3)
R: [
	-0.962267, 0.267753, -0.0484852;
	-0.264537, -0.878791, 0.397174;
	0.0637359, 0.395013, 0.916462
]
t: -4.26996  13.6723  -4.0691

Value 177: (gtsam::Pose3)
R: [
	-0.931882, 0.342163, -0.120502;
	-0.356188, -0.800085, 0.482695;
	0.0687485, 0.492736, 0.867459
]
t: -5.69788  13.1488 -3.85596

Value 178: (gtsam::Pose3)
R: [
	-0.875424, 0.457833, -0.154993;
	-0.478447, -0.775185, 0.412525;
	0.0687191, 0.43529, 0.897664
]
t: -7.25322  12.5932 -3.70442

Value 179: (gtsam::Pose3)
R: [
	-0.775314, 0.61416, -0.147294;
	-0.615988, -0.683833, 0.391064;
	0.139451, 0.393929, 0.908501
]
t: -8.36224  11.7512  -3.5947

Value 180: (gtsam::Pose3)
R: [
	-0.727198, 0.652943, -0.211776;
	-0.678736, -0.637916, 0.363842;
	0.102473, 0.408325, 0.907067
]
t: -9.73877  10.7265 -3.39253

Value 181: (gtsam::Pose3)
R: [
	-0.619516, 0.752618, -0.223083;
	-0.782526, -0.569639, 0.251325;
	0.0620753, 0.330268, 0.941844
]
t: -10.8676  9.65156 -3.23584

Value 182: (gtsam::Pose3)
R: [
	-0.603423, 0.771218, -0.202738;
	-0.787933, -0.537547, 0.300341;
	0.122648, 0.340977, 0.932037
]
t: -11.9513  8.27293 -3.10295

Value 183: (gtsam::Pose3)
R: [
	-0.436576, 0.867429, -0.238681;
	-0.893442, -0.386864, 0.228248;
	0.105652, 0.312896, 0.943893
]
t:  -12.908  6.92212 -3.01578

Value 184: (gtsam::Pose3)
R: [
	-0.283784, 0.930877, -0.230077;
	-0.949933, -0.240205, 0.199823;
	0.130745, 0.275264, 0.952437
]
t:  -13.453  5.50504 -2.75966

Value 185: (gtsam::Pose3)
R: [
	-0.0275987, 0.944417, -0.327588;
	-0.992782, 0.0123674, 0.119294;
	0.116715, 0.328516, 0.937259
]
t: -13.8828  3.94678  -2.4823

Value 186: (gtsam::Pose3)
R: [
	-0.039142, 0.961761, -0.27108;
	-0.999227, -0.036704, 0.0140596;
	0.0035722, 0.271421, 0.962454
]
t: -13.9984  2.13441 -2.31326

Value 187: (gtsam::Pose3)
R: [
	0.109556, 0.956702, -0.269666;
	-0.970931, 0.161088, 0.177044;
	0.212818, 0.242431, 0.946539
]
t: -13.8734 0.780678 -2.36863

Value 188: (gtsam::Pose3)
R: [
	0.285426, 0.891386, -0.352084;
	-0.94507, 0.322835, 0.0511904;
	0.159295, 0.318133, 0.934567
]
t:  -13.8212 -0.946862  -1.89896

Value 189: (gtsam::Pose3)
R: [
	0.37638, 0.852772, -0.362102;
	-0.913693, 0.40634, 0.00723438;
	0.153306, 0.328128, 0.93211
]
t: -13.2854  -2.4677 -1.75781

Value 190: (gtsam::Pose3)
R: [
	0.478585, 0.831848, -0.281045;
	-0.868423, 0.495686, -0.0116665;
	0.129605, 0.249649, 0.959624
]
t: -12.6075 -4.16286 -1.60729

Value 191: (gtsam::Pose3)
R: [
	0.591375, 0.748313, -0.300504;
	-0.775281, 0.630123, 0.0434178;
	0.221844, 0.207299, 0.952792
]
t: -11.7551 -5.67627 -1.36673

Value 192: (gtsam::Pose3)
R: [
	0.61564, 0.742437, -0.264149;
	-0.773841, 0.632899, -0.0246859;
	0.148852, 0.219607, 0.964166
]
t: -10.6754 -7.07783 -1.06654

Value 193: (gtsam::Pose3)
R: [
	0.763625, 0.624711, -0.163132;
	-0.640861, 0.764106, -0.073755;
	0.0785744, 0.160866, 0.983844
]
t:  -9.66925   -8.3694 -0.705194

Value 194: (gtsam::Pose3)
R: [
	0.819251, 0.566489, -0.0889871;
	-0.572877, 0.815387, -0.0834031;
	0.0253119, 0.119307, 0.992535
]
t:  -8.17987  -9.53663 -0.425941

Value 195: (gtsam::Pose3)
R: [
	0.841029, 0.482564, -0.244545;
	-0.494235, 0.869191, 0.0154316;
	0.220003, 0.107884, 0.969515
]
t:  -6.69527   -10.424 -0.451786

Value 196: (gtsam::Pose3)
R: [
	0.949523, 0.2732, -0.154169;
	-0.278371, 0.960391, -0.0125942;
	0.144622, 0.0548748, 0.987964
]
t:    -5.2198   -11.2802 -0.0374527

Value 197: (gtsam::Pose3)
R: [
	0.949096, 0.270741, -0.160985;
	-0.288072, 0.952787, -0.0959706;
	0.127401, 0.137461, 0.98228
]
t: -3.66544   -11.92 0.293092

Value 198: (gtsam::Pose3)
R: [
	0.996408, 0.0663087, -0.0526645;
	-0.0706527, 0.993836, -0.0854269;
	0.0466753, 0.088841, 0.994952
]
t: -1.94219 -12.1758 0.380905

Value 199: (gtsam::Pose3)
R: [
	0.999048, 0.0204177, -0.0385535;
	-0.0245586, 0.993607, -0.110187;
	0.0360573, 0.111029, 0.993163
]
t: -0.190485   -12.257  0.419154

Value 200: (gtsam::Pose3)
R: [
	0.988392, -0.151723, 0.00787922;
	0.151822, 0.984439, -0.0884913;
	0.00566955, 0.0886603, 0.996046
]
t:  1.71132 -12.0096 0.435397

Value 201: (gtsam::Pose3)
R: [
	0.950541, -0.301803, 0.0733957;
	0.295857, 0.951719, 0.0818528;
	-0.0945555, -0.0560898, 0.993938
]
t:  3.40892 -11.7532 0.356421

Value 202: (gtsam::Pose3)
R: [
	0.903897, -0.410335, 0.120811;
	0.418716, 0.906523, -0.0537857;
	-0.0874476, 0.0992021, 0.991217
]
t:  5.11585 -11.0247 0.164093

Value 203: (gtsam::Pose3)
R: [
	0.862537, -0.491425, 0.120545;
	0.500898, 0.862991, -0.0659322;
	-0.0716287, 0.11725, 0.990516
]
t:   6.77652  -10.3099 -0.127296

Value 204: (gtsam::Pose3)
R: [
	0.789446, -0.56427, 0.241609;
	0.58097, 0.813921, 0.00259491;
	-0.198115, 0.138319, 0.97037
]
t:   8.41443  -9.34527 -0.137706

Value 205: (gtsam::Pose3)
R: [
	0.680816, -0.703696, 0.203227;
	0.707389, 0.703666, 0.066748;
	-0.189974, 0.0983175, 0.976854
]
t:   9.57564  -8.30873 -0.522792

Value 206: (gtsam::Pose3)
R: [
	0.622775, -0.755821, 0.202204;
	0.770491, 0.637382, 0.00941792;
	-0.135999, 0.149931, 0.979298
]
t:   10.9106  -6.96201 -0.827916

Value 207: (gtsam::Pose3)
R: [
	0.521633, -0.836576, 0.167448;
	0.846719, 0.53171, 0.0187505;
	-0.10472, 0.132001, 0.985703
]
t:  12.0829 -5.40397 -1.10705

Value 208: (gtsam::Pose3)
R: [
	0.39857, -0.887988, 0.229388;
	0.913604, 0.40635, -0.0143917;
	-0.0804319, 0.215306, 0.973229
]
t:  12.8903 -3.94201  -1.4139

Value 209: (gtsam::Pose3)
R: [
	0.254834, -0.952898, 0.164454;
	0.961432, 0.267879, 0.0623669;
	-0.103483, 0.142218, 0.984411
]
t:  13.5138 -2.25727 -1.54727

Value 210: (gtsam::Pose3)
R: [
	0.11664, -0.980257, 0.159663;
	0.989112, 0.129176, 0.070499;
	-0.0897318, 0.149702, 0.984651
]
t:   14.0255 -0.519823  -1.81915

Value 211: (gtsam::Pose3)
R: [
	-0.0367067, -0.980175, 0.194703;
	0.995964, -0.0199145, 0.0875121;
	-0.0818998, 0.19713, 0.976951
]
t:  14.2981  1.23603 -2.03136

Value 212: (gtsam::Pose3)
R: [
	-0.158468, -0.952755, 0.259124;
	0.966242, -0.0956492, 0.239223;
	-0.203136, 0.288285, 0.93575
]
t:  14.2763   3.1295 -2.06842

Value 213: (gtsam::Pose3)
R: [
	-0.266098, -0.945211, 0.189124;
	0.928701, -0.198817, 0.313028;
	-0.258277, 0.258936, 0.930723
]
t:  13.9114  5.03268 -2.58619

Value 214: (gtsam::Pose3)
R: [
	-0.330242, -0.912653, 0.240842;
	0.905043, -0.233714, 0.355352;
	-0.268025, 0.335325, 0.903172
]
t:  13.3934  6.68257 -3.02576

Value 215: (gtsam::Pose3)
R: [
	-0.476911, -0.869466, 0.128782;
	0.851035, -0.420147, 0.314985;
	-0.219761, 0.259818, 0.940319
]
t:  12.6617  8.35053 -3.54568

Value 216: (gtsam::Pose3)
R: [
	-0.578828, -0.806595, 0.119847;
	0.783485, -0.509353, 0.355965;
	-0.226075, 0.299941, 0.926782
]
t:  11.7411  9.88209 -4.04358

Value 217: (gtsam::Pose3)
R: [
	-0.689882, -0.723817, 0.0123098;
	0.67053, -0.6325, 0.387729;
	-0.272859, 0.275741, 0.921691
]
t:  10.5207   11.231 -4.48115

Value 218: (gtsam::Pose3)
R: [
	-0.77014, -0.63371, 0.0727795;
	0.615692, -0.708675, 0.344532;
	-0.166756, 0.310148, 0.935949
]
t:  9.08156  12.5861 -4.99407

Value 219: (gtsam::Pose3)
R: [
	-0.859978, -0.468759, 0.201749;
	0.509832, -0.771679, 0.38024;
	-0.0225551, 0.429857, 0.902615
]
t:  7.89501  13.6711 -5.28096

Value 220: (gtsam::Pose3)
R: [
	-0.877613, -0.452517, 0.158191;
	0.47603, -0.783787, 0.398841;
	-0.0564937, 0.425332, 0.903273
]
t:  6.24594  14.6413 -5.27888

Value 221: (gtsam::Pose3)
R: [
	-0.915998, -0.375364, 0.141596;
	0.398756, -0.813095, 0.424112;
	-0.0440653, 0.444948, 0.894471
]
t:  4.33644  15.5313 -5.37574

Value 222: (gtsam::Pose3)
R: [
	-0.946025, -0.288462, 0.147741;
	0.323587, -0.866189, 0.380799;
	0.0181255, 0.408052, 0.912779
]
t:  2.63277  16.2125 -5.40099

Value 223: (gtsam::Pose3)
R: [
	-0.991789, -0.122565, 0.0365004;
	0.126424, -0.896664, 0.424276;
	-0.0192727, 0.425407, 0.904797
]
t: 0.743866  16.6539 -5.23874

Value 224: (gtsam::Pose3)
R: [
	-0.999538, 0.0301804, 0.0036642;
	-0.0245651, -0.872758, 0.487535;
	0.0179119, 0.487219, 0.873096
]
t: -1.23573  16.7082 -5.14371

Value 225: (gtsam::Pose3)
R: [
	-0.973456, 0.192446, -0.12389;
	-0.228548, -0.846306, 0.481177;
	-0.0122481, 0.49672, 0.867825
]
t: -3.00802  16.6488 -5.31092

Value 226: (gtsam::Pose3)
R: [
	-0.956861, 0.232777, -0.173873;
	-0.284921, -0.868958, 0.404638;
	-0.0568981, 0.436722, 0.897795
]
t:   -4.903   16.289 -5.39494

Value 227: (gtsam::Pose3)
R: [
	-0.919076, 0.391843, -0.0419441;
	-0.377104, -0.843579, 0.382317;
	0.114425, 0.367196, 0.923079
]
t:  -6.8093  15.7085 -5.43642

Value 228: (gtsam::Pose3)
R: [
	-0.859469, 0.510124, -0.0329649;
	-0.487433, -0.798392, 0.353524;
	0.154022, 0.319911, 0.934844
]
t: -8.58376  14.8944 -5.17721

Value 229: (gtsam::Pose3)
R: [
	-0.790548, 0.593834, -0.149647;
	-0.597769, -0.695174, 0.399255;
	0.133061, 0.405085, 0.904545
]
t: -10.2079  13.8177 -4.92751

Value 230: (gtsam::Pose3)
R: [
	-0.727969, 0.643618, -0.236255;
	-0.678572, -0.627119, 0.382442;
	0.0979863, 0.438722, 0.893265
]
t: -11.7002  12.5472 -4.65569

Value 231: (gtsam::Pose3)
R: [
	-0.616583, 0.763512, -0.192027;
	-0.775643, -0.547317, 0.314359;
	0.134917, 0.342773, 0.929679
]
t: -13.1061  11.3202 -4.54258

Value 232: (gtsam::Pose3)
R: [
	-0.561827, 0.77093, -0.300029;
	-0.818795, -0.466482, 0.334618;
	0.118009, 0.433659, 0.893316
]
t: -14.4833   9.7569 -4.23071

Value 233: (gtsam::Pose3)
R: [
	-0.413065, 0.841013, -0.349391;
	-0.903878, -0.33172, 0.270124;
	0.111278, 0.427386, 0.897195
]
t: -15.576 8.13089 -3.9262

Value 234: (gtsam::Pose3)
R: [
	-0.255384, 0.901976, -0.348164;
	-0.9648, -0.214366, 0.152345;
	0.0627766, 0.374815, 0.924972
]
t: -16.2644  6.29213  -3.7449

Value 235: (gtsam::Pose3)
R: [
	-0.101437, 0.907812, -0.406926;
	-0.985868, -0.0369122, 0.163407;
	0.133322, 0.41775, 0.898727
]
t:  -16.807  4.25698 -3.52723

Value 236: (gtsam::Pose3)
R: [
	0.0306665, 0.930281, -0.365564;
	-0.999523, 0.0298357, -0.0079229;
	0.00353632, 0.365633, 0.930753
]
t: -16.9271  2.21417  -3.1942

Value 237: (gtsam::Pose3)
R: [
	0.0920088, 0.934349, -0.344276;
	-0.982649, 0.141116, 0.120367;
	0.161047, 0.327227, 0.931121
]
t: -16.6555 0.224637 -3.13077

Value 238: (gtsam::Pose3)
R: [
	0.234862, 0.921687, -0.30876;
	-0.963088, 0.263634, 0.0543987;
	0.131538, 0.284587, 0.949583
]
t: -16.4201 -1.91127 -2.91757

Value 239: (gtsam::Pose3)
R: [
	0.347383, 0.89517, -0.279276;
	-0.922998, 0.378984, 0.0666761;
	0.165528, 0.234609, 0.957893
]
t: -15.9866 -3.67988  -2.8003

Value 240: (gtsam::Pose3)
R: [
	0.454347, 0.832498, -0.317043;
	-0.877177, 0.480153, 0.00373234;
	0.155336, 0.276407, 0.948404
]
t: -15.0365 -5.72137 -2.38125

Value 241: (gtsam::Pose3)
R: [
	0.569429, 0.782482, -0.251937;
	-0.812447, 0.582388, -0.0274797;
	0.125222, 0.220333, 0.967354
]
t: -14.2321 -7.41976 -2.12179

Value 242: (gtsam::Pose3)
R: [
	0.662553, 0.68354, -0.306262;
	-0.713166, 0.70068, 0.0210031;
	0.228948, 0.2045, 0.951716
]
t: -12.9605 -9.00324  -1.9562

Value 243: (gtsam::Pose3)
R: [
	0.765532, 0.580808, -0.276807;
	-0.614715, 0.787279, -0.0481397;
	0.189964, 0.20701, 0.959719
]
t: -11.5777  -10.548    -1.38

Value 244: (gtsam::Pose3)
R: [
	0.829127, 0.515094, -0.217317;
	-0.543685, 0.833449, -0.0988369;
	0.130212, 0.2001, 0.971084
]
t: -9.91665 -11.9565 -0.90184

Value 245: (gtsam::Pose3)
R: [
	0.86639, 0.447755, -0.221096;
	-0.468569, 0.882015, -0.0499208;
	0.172658, 0.14685, 0.973974
]
