Incremental optimization
Loading sphere2500
Parameters: K = 1, epsilon = 0.001, max_optimization_iter = 50, opt_stop_cond = 0, relinearize_skip = 4, relin_tree_depth = 2147483647, print_frequency = 100
measurements.size() = 4949
values.size() = 0 Playing forward time steps...
step = 1000, Chi2 = 0.253971, graph_error = 724.58
Before relin
Values with 1001 values:
Value 0: (gtsam::Pose3)
R: [
	1, -6.54758e-12, 5.4895e-11;
	6.54758e-12, 1, -1.92821e-11;
	-5.4895e-11, 1.92821e-11, 1
]
t: -8.67216e-13   1.1589e-12  1.75797e-13

Value 1: (gtsam::Pose3)
R: [
	0.978724, -0.202919, 0.0303699;
	0.201228, 0.978212, 0.0510655;
	-0.0400704, -0.0438678, 0.998233
]
t:   0.348551 -0.0801405  0.0584698

Value 2: (gtsam::Pose3)
R: [
	0.872185, -0.486504, 0.0510593;
	0.479096, 0.870628, 0.111688;
	-0.0987903, -0.0729504, 0.992431
]
t:   0.556112  0.0238377 -0.0361676

Value 3: (gtsam::Pose3)
R: [
	0.822929, -0.567075, 0.0348486;
	0.558745, 0.818901, 0.131169;
	-0.10292, -0.0884709, 0.990747
]
t:    0.6734 0.0156876 -0.252473

Value 4: (gtsam::Pose3)
R: [
	0.725163, -0.688556, 0.00545761;
	0.680522, 0.717866, 0.146827;
	-0.105017, -0.10276, 0.989147
]
t:    0.7777 0.0980033 -0.397079

Value 5: (gtsam::Pose3)
R: [
	0.686423, -0.727198, 0.00260545;
	0.720596, 0.680664, 0.132052;
	-0.0978015, -0.0887662, 0.991239
]
t:   1.04126  0.235564 -0.489308

Value 6: (gtsam::Pose3)
R: [
	0.529307, -0.84843, 0.000336205;
	0.841344, 0.524938, 0.128767;
	-0.109426, -0.0678743, 0.991675
]
t:   1.17029  0.364359 -0.508759

Value 7: (gtsam::Pose3)
R: [
	0.406031, -0.91371, -0.0165406;
	0.902819, 0.398255, 0.162206;
	-0.141622, -0.0807937, 0.986618
]
t:   1.43143  0.474604 -0.614171

Value 8: (gtsam::Pose3)
R: [
	0.280565, -0.956249, 0.0828936;
	0.9401, 0.291192, 0.177253;
	-0.193636, 0.0281974, 0.980668
]
t:   1.69529  0.740495 -0.464932

Value 9: (gtsam::Pose3)
R: [
	0.164474, -0.981266, 0.100323;
	0.963226, 0.181688, 0.197951;
	-0.21247, 0.0640763, 0.975064
]
t:   1.87864  0.965288 -0.539926

Value 10: (gtsam::Pose3)
R: [
	0.0430765, -0.994153, 0.0990139;
	0.979027, 0.061757, 0.194143;
	-0.199122, 0.0885743, 0.975964
]
t:   2.01934   1.34103 -0.723151

Value 11: (gtsam::Pose3)
R: [
	0.0414952, -0.997622, 0.0550249;
	0.979209, 0.0515505, 0.196193;
	-0.198563, 0.0457398, 0.97902
]
t:   2.00981   1.73663 -0.856384

Value 12: (gtsam::Pose3)
R: [
	-0.0215243, -0.998597, 0.0483748;
	0.979827, -0.0114544, 0.19952;
	-0.198686, 0.0516935, 0.978699
]
t:   1.99666   2.30444 -0.974109

Value 13: (gtsam::Pose3)
R: [
	-0.260381, -0.956139, 0.134167;
	0.949838, -0.228738, 0.213277;
	-0.173233, 0.18297, 0.967736
]
t:   1.98724   2.39805 -0.901437

Value 14: (gtsam::Pose3)
R: [
	-0.423527, -0.905745, 0.0158212;
	0.880038, -0.407239, 0.244314;
	-0.214843, 0.117397, 0.969567
]
t:   1.94316   2.80937 -0.946611

Value 15: (gtsam::Pose3)
R: [
	-0.548148, -0.834706, 0.0529038;
	0.804031, -0.50847, 0.308208;
	-0.230364, 0.21148, 0.949847
]
t:  1.70248  3.05151 -1.10382

Value 16: (gtsam::Pose3)
R: [
	-0.601003, -0.798854, 0.0250379;
	0.75545, -0.557563, 0.344121;
	-0.260942, 0.225733, 0.938591
]
t:   1.6427  3.51106 -1.25742

Value 17: (gtsam::Pose3)
R: [
	-0.62774, -0.774111, 0.0818227;
	0.746824, -0.569275, 0.343773;
	-0.219539, 0.276907, 0.935481
]
t:  1.37042  3.88819 -1.42467

Value 18: (gtsam::Pose3)
R: [
	-0.713161, -0.69831, 0.0613602;
	0.680558, -0.668722, 0.299421;
	-0.168056, 0.255295, 0.952146
]
t: 0.933491  4.18986 -1.44779

Value 19: (gtsam::Pose3)
R: [
	-0.823677, -0.563956, 0.0592412;
	0.555351, -0.781135, 0.285331;
	-0.114639, 0.26792, 0.956597
]
t: 0.670664  4.36043 -1.50125

Value 20: (gtsam::Pose3)
R: [
	-0.885255, -0.432955, 0.169922;
	0.464564, -0.840728, 0.278129;
	0.0224412, 0.325155, 0.945395
]
t: 0.407288  4.65425 -1.57497

Value 21: (gtsam::Pose3)
R: [
	-0.928367, -0.329918, 0.171138;
	0.368682, -0.875697, 0.311816;
	0.0469918, 0.352575, 0.934603
]
t: -0.104574   4.76604  -1.36597

Value 22: (gtsam::Pose3)
R: [
	-0.966326, -0.231941, 0.111432;
	0.254422, -0.926019, 0.278853;
	0.0385102, 0.297814, 0.953847
]
t: -0.480103   5.02126  -1.39398

Value 23: (gtsam::Pose3)
R: [
	-0.987943, -0.106231, 0.11262;
	0.133763, -0.951961, 0.27546;
	0.0779474, 0.287203, 0.954693
]
t: -0.85615  5.23138 -1.28991

Value 24: (gtsam::Pose3)
R: [
	-0.988528, -0.0398924, 0.145674;
	0.0844837, -0.945535, 0.314366;
	0.125199, 0.323066, 0.938058
]
t:  -1.2941  5.28232 -1.26927

Value 25: (gtsam::Pose3)
R: [
	-0.989558, 0.106657, 0.0969489;
	-0.073568, -0.952164, 0.296599;
	0.123946, 0.286369, 0.950069
]
t: -1.78991  5.29332  -1.1759

Value 26: (gtsam::Pose3)
R: [
	-0.972565, 0.224268, 0.0618175;
	-0.190543, -0.92041, 0.341376;
	0.133457, 0.320232, 0.937892
]
t: -2.18803  5.31818 -1.09094

Value 27: (gtsam::Pose3)
R: [
	-0.920385, 0.387214, 0.0543795;
	-0.345734, -0.870857, 0.349393;
	0.182647, 0.302775, 0.935397
]
t: -2.75314  5.31668 -1.04785

Value 28: (gtsam::Pose3)
R: [
	-0.859026, 0.503715, 0.0913574;
	-0.478755, -0.853657, 0.205095;
	0.181297, 0.132444, 0.974469
]
t: -3.12442  5.06186 -1.14268

Value 29: (gtsam::Pose3)
R: [
	-0.781482, 0.622043, 0.0484679;
	-0.605446, -0.774808, 0.181957;
	0.150738, 0.112851, 0.982111
]
t:  -3.37778   4.81927 -0.988705

Value 30: (gtsam::Pose3)
R: [
	-0.636183, 0.77102, -0.028284;
	-0.76048, -0.620458, 0.191581;
	0.130164, 0.14339, 0.981069
]
t: -3.76618  4.58294 -1.01677

Value 31: (gtsam::Pose3)
R: [
	-0.54959, 0.834743, -0.0340001;
	-0.820251, -0.53143, 0.21159;
	0.158554, 0.144176, 0.976767
]
t: -4.10678  4.27387 -0.93087

Value 32: (gtsam::Pose3)
R: [
	-0.486744, 0.873543, -0.00159181;
	-0.841398, -0.468342, 0.269638;
	0.234795, 0.132584, 0.96296
]
t:  -4.38161   4.03327 -0.870673

Value 33: (gtsam::Pose3)
R: [
	-0.400457, 0.916309, -0.00344888;
	-0.88457, -0.385598, 0.262395;
	0.239105, 0.108129, 0.964954
]
t:  -4.85412   3.47502 -0.695719

Value 34: (gtsam::Pose3)
R: [
	-0.279732, 0.95941, -0.0358154;
	-0.925739, -0.259651, 0.274935;
	0.254476, 0.110064, 0.960796
]
t:  -4.93735   2.98649 -0.556993

Value 35: (gtsam::Pose3)
R: [
	-0.136434, 0.990458, -0.0194379;
	-0.959424, -0.127221, 0.251636;
	0.246762, 0.0529809, 0.967627
]
t:  -4.98102   2.52599 -0.644929

Value 36: (gtsam::Pose3)
R: [
	-0.0904284, 0.995691, 0.0205329;
	-0.973858, -0.0927219, 0.20737;
	0.20838, -0.00124402, 0.978047
]
t:  -5.08336   1.91385 -0.703035

Value 37: (gtsam::Pose3)
R: [
	0.0203973, 0.999725, -0.0115769;
	-0.942699, 0.0230882, 0.332845;
	0.333021, 0.00412437, 0.94291
]
t:  -5.05942   1.48844 -0.637624

Value 38: (gtsam::Pose3)
R: [
	0.239598, 0.970856, -0.00556386;
	-0.960636, 0.237898, 0.143468;
	0.14061, -0.0290297, 0.989639
]
t:  -5.11844   1.01453 -0.618124

Value 39: (gtsam::Pose3)
R: [
	0.301608, 0.95262, -0.0393357;
	-0.951187, 0.303471, 0.0561028;
	0.0653819, 0.0204946, 0.99765
]
t:  -4.90415  0.386759 -0.434514

Value 40: (gtsam::Pose3)
R: [
	0.340002, 0.93892, -0.0531787;
	-0.921556, 0.343917, 0.180155;
	0.18744, -0.0122458, 0.9822
]
t:  -4.60807 -0.305913 -0.481213

Value 41: (gtsam::Pose3)
R: [
	0.469417, 0.882243, -0.0359849;
	-0.853148, 0.463686, 0.239028;
	0.227567, -0.0815034, 0.970346
]
t:  -4.37129 -0.841512 -0.408328

Value 42: (gtsam::Pose3)
R: [
	0.62524, 0.780141, -0.021324;
	-0.750191, 0.60832, 0.259152;
	0.215147, -0.146035, 0.965601
]
t:  -3.90196   -1.3887 -0.372749

Value 43: (gtsam::Pose3)
R: [
	0.682565, 0.730654, 0.0157792;
	-0.708457, 0.656219, 0.259741;
	0.179426, -0.188469, 0.965549
]
t:  -3.43502  -1.68525 -0.299836

Value 44: (gtsam::Pose3)
R: [
	0.821582, 0.560874, -0.102095;
	-0.529454, 0.817085, 0.228147;
	0.211382, -0.133387, 0.968259
]
t:  -3.07226  -2.07877 -0.276256

Value 45: (gtsam::Pose3)
R: [
	0.906949, 0.416763, -0.0612457;
	-0.394258, 0.891036, 0.224981;
	0.148336, -0.1799, 0.972436
]
t:  -2.82997  -2.46399 -0.408757

Value 46: (gtsam::Pose3)
R: [
	0.940838, 0.32716, -0.0882665;
	-0.302727, 0.928543, 0.214859;
	0.152252, -0.175427, 0.972648
]
t: -2.36475 -2.74584 -0.27899

Value 47: (gtsam::Pose3)
R: [
	0.980811, 0.171854, -0.0920646;
	-0.145463, 0.959478, 0.241337;
	0.129809, -0.223314, 0.966065
]
t:  -1.83768  -3.02733 -0.226034

Value 48: (gtsam::Pose3)
R: [
	0.995462, -0.0208142, -0.0928536;
	0.0437348, 0.966693, 0.252175;
	0.084512, -0.255092, 0.963216
]
t:   -1.18993   -3.13106 -0.0647678

Value 49: (gtsam::Pose3)
R: [
	0.988753, -0.134679, -0.0650296;
	0.142953, 0.978859, 0.146288;
	0.0439529, -0.153938, 0.987102
]
t:  -0.654463   -3.13807 0.00551559

Value 50: (gtsam::Pose3)
R: [
	0.988237, -0.151731, -0.0191135;
	0.152927, 0.981247, 0.117336;
	0.000951644, -0.118878, 0.992908
]
t:   0.123726   -3.00651 -0.0504792

Value 51: (gtsam::Pose3)
R: [
	0.913186, -0.403156, 0.0596324;
	0.3979, 0.913626, 0.0834507;
	-0.0881253, -0.0524783, 0.994726
]
t: 0.828367 -3.03723 0.108894

Value 52: (gtsam::Pose3)
R: [
	0.89969, -0.426058, 0.0950386;
	0.426156, 0.904422, 0.020286;
	-0.094598, 0.0222502, 0.995267
]
t:   1.78804  -2.70469 0.0718224

Value 53: (gtsam::Pose3)
R: [
	0.848886, -0.524358, 0.066639;
	0.517114, 0.849965, 0.100761;
	-0.109476, -0.0510745, 0.992676
]
t:   2.28784  -2.47721 -0.124677

Value 54: (gtsam::Pose3)
R: [
	0.781665, -0.621983, 0.0462288;
	0.613871, 0.780339, 0.119304;
	-0.110279, -0.0648773, 0.991781
]
t:   2.81303  -2.11774 -0.169048

Value 55: (gtsam::Pose3)
R: [
	0.666871, -0.741751, 0.0713331;
	0.739931, 0.670473, 0.0544783;
	-0.0882363, 0.0164516, 0.995964
]
t:   3.32786  -1.79088 -0.306747

Value 56: (gtsam::Pose3)
R: [
	0.580914, -0.813365, 0.0312438;
	0.808092, 0.5809, 0.0976866;
	-0.0976044, -0.0314996, 0.994727
]
t:   3.83314  -1.25933 -0.482068

Value 57: (gtsam::Pose3)
R: [
	0.503199, -0.860721, 0.0771316;
	0.854044, 0.508942, 0.107642;
	-0.131905, 0.0117084, 0.991193
]
t:   4.31507 -0.692091 -0.491365

Value 58: (gtsam::Pose3)
R: [
	0.38671, -0.915233, 0.113156;
	0.895893, 0.401938, 0.189264;
	-0.218703, 0.028185, 0.975384
]
t:   4.60568 -0.140861  -0.59598

Value 59: (gtsam::Pose3)
R: [
	0.266705, -0.954281, 0.134969;
	0.933679, 0.290555, 0.209336;
	-0.238981, 0.0701869, 0.968484
]
t:   4.82192   0.52287 -0.810663

Value 60: (gtsam::Pose3)
R: [
	0.12349, -0.977067, 0.173465;
	0.97154, 0.154647, 0.179426;
	-0.202137, 0.146371, 0.968357
]
t:   5.1062  1.21446 -1.03283

Value 61: (gtsam::Pose3)
R: [
	-0.00559205, -0.99325, 0.115856;
	0.981797, 0.0165427, 0.18921;
	-0.18985, 0.114806, 0.975078
]
t:  5.06492   1.6853 -1.18508

Value 62: (gtsam::Pose3)
R: [
	-0.0714681, -0.981055, 0.180064;
	0.985144, -0.0411659, 0.166721;
	-0.15615, 0.189304, 0.969423
]
t:  5.02737  2.47834 -1.30289

Value 63: (gtsam::Pose3)
R: [
	-0.121879, -0.9704, 0.208492;
	0.976469, -0.0795764, 0.200439;
	-0.177915, 0.228015, 0.957265
]
t: 4.94873 3.18571 -1.5026

Value 64: (gtsam::Pose3)
R: [
	-0.308712, -0.936759, 0.164864;
	0.925391, -0.255734, 0.279735;
	-0.219883, 0.238921, 0.945816
]
t:  4.77549  3.81782 -1.55379

Value 65: (gtsam::Pose3)
R: [
	-0.345959, -0.927958, 0.13859;
	0.901518, -0.287843, 0.323127;
	-0.259956, 0.23673, 0.936152
]
t:  4.37858  4.58478 -1.77364

Value 66: (gtsam::Pose3)
R: [
	-0.506, -0.855865, 0.107046;
	0.820452, -0.439301, 0.365886;
	-0.266123, 0.272965, 0.924483
]
t:  3.92457  5.10846 -1.97802

Value 67: (gtsam::Pose3)
R: [
	-0.66783, -0.732838, 0.130197;
	0.721795, -0.594939, 0.353639;
	-0.181701, 0.330146, 0.926277
]
t:  3.67464  5.63369 -2.20818

Value 68: (gtsam::Pose3)
R: [
	-0.739134, -0.659632, 0.136258;
	0.661023, -0.671533, 0.334801;
	-0.129344, 0.337533, 0.932385
]
t:   3.0179   6.2209 -2.23227

Value 69: (gtsam::Pose3)
R: [
	-0.825555, -0.538243, 0.16957;
	0.562496, -0.760707, 0.323917;
	-0.0453529, 0.362793, 0.930765
]
t:  2.27974  6.65732 -2.43033

Value 70: (gtsam::Pose3)
R: [
	-0.881422, -0.434161, 0.18601;
	0.47149, -0.832224, 0.291718;
	0.0281494, 0.344829, 0.938243
]
t:  1.66617  7.03073 -2.58137

Value 71: (gtsam::Pose3)
R: [
	-0.93309, -0.333533, 0.13453;
	0.35875, -0.889526, 0.282918;
	0.0253057, 0.312251, 0.949663
]
t: 0.979223  7.41888 -2.53628

Value 72: (gtsam::Pose3)
R: [
	-0.972364, -0.210009, 0.102004;
	0.232266, -0.91446, 0.331384;
	0.0236852, 0.345918, 0.937966
]
t: 0.260591  7.80434 -2.46611

Value 73: (gtsam::Pose3)
R: [
	-0.985805, -0.132118, 0.103598;
	0.162537, -0.905607, 0.391736;
	0.0420638, 0.403014, 0.914227
]
t: -0.669617   8.08153  -2.28973

Value 74: (gtsam::Pose3)
R: [
	-0.969321, 0.146852, 0.197108;
	-0.0763582, -0.942136, 0.326417;
	0.233638, 0.301352, 0.924446
]
t: -1.28779  8.15889 -2.27299

Value 75: (gtsam::Pose3)
R: [
	-0.980943, 0.137113, 0.137666;
	-0.0810383, -0.932678, 0.351489;
	0.176591, 0.333634, 0.926015
]
t: -2.15851  8.17612 -2.20137

Value 76: (gtsam::Pose3)
R: [
	-0.96768, 0.246784, 0.0518894;
	-0.216016, -0.917342, 0.334396;
	0.130124, 0.312379, 0.941003
]
t: -2.95163  8.14313 -2.08691

Value 77: (gtsam::Pose3)
R: [
	-0.918712, 0.38536, 0.0864057;
	-0.343563, -0.887758, 0.306351;
	0.194763, 0.251763, 0.947989
]
t: -3.86893  7.94496 -1.78874

Value 78: (gtsam::Pose3)
R: [
	-0.878544, 0.467259, 0.0991432;
	-0.401306, -0.834603, 0.377347;
	0.259064, 0.291729, 0.92075
]
t: -4.58203  7.69176 -1.58413

Value 79: (gtsam::Pose3)
R: [
	-0.822016, 0.56943, -0.00630817;
	-0.546304, -0.785408, 0.291008;
	0.160754, 0.242659, 0.9567
]
t: -5.3021 7.27212 -1.5204

Value 80: (gtsam::Pose3)
R: [
	-0.71667, 0.686557, -0.122569;
	-0.692507, -0.679746, 0.241617;
	0.0825682, 0.25804, 0.9626
]
t: -6.01553  6.66214 -1.47329

Value 81: (gtsam::Pose3)
R: [
	-0.622707, 0.77193, -0.127906;
	-0.774275, -0.584333, 0.243007;
	0.112844, 0.250357, 0.961555
]
t: -6.63849  5.94806 -1.44083

Value 82: (gtsam::Pose3)
R: [
	-0.479522, 0.875208, -0.0637887;
	-0.855407, -0.449977, 0.256513;
	0.195799, 0.177569, 0.964433
]
t: -7.07392  5.44453  -1.3706

Value 83: (gtsam::Pose3)
R: [
	-0.331352, 0.938445, -0.0976046;
	-0.923421, -0.301326, 0.237691;
	0.193649, 0.168889, 0.966425
]
t: -7.45582  4.74949 -1.11911

Value 84: (gtsam::Pose3)
R: [
	-0.234787, 0.965101, -0.115996;
	-0.955839, -0.207522, 0.2081;
	0.176766, 0.159733, 0.971205
]
t: -7.78605  3.80306 -1.00989

Value 85: (gtsam::Pose3)
R: [
	-0.177298, 0.978682, -0.103672;
	-0.965766, -0.152747, 0.209679;
	0.189373, 0.137298, 0.972259
]
t:  -8.04365   2.94065 -0.826407

Value 86: (gtsam::Pose3)
R: [
	-0.0236494, 0.992702, -0.118252;
	-0.983856, -0.00212181, 0.178951;
	0.177394, 0.120575, 0.976726
]
t:  -8.15297   2.09816 -0.822299

Value 87: (gtsam::Pose3)
R: [
	0.107119, 0.98998, -0.0920074;
	-0.977458, 0.121792, 0.172459;
	0.181937, 0.0714597, 0.98071
]
t:  -8.20243   1.35018 -0.624041

Value 88: (gtsam::Pose3)
R: [
	0.269066, 0.96117, -0.0612773;
	-0.958071, 0.27362, 0.0850425;
	0.098507, 0.035826, 0.994491
]
t:  -7.94435   0.31454 -0.635942

Value 89: (gtsam::Pose3)
R: [
	0.339574, 0.935553, -0.0971131;
	-0.932717, 0.348257, 0.0935691;
	0.121359, 0.0588055, 0.990865
]
t:   -7.6745 -0.524598 -0.484232

Value 90: (gtsam::Pose3)
R: [
	0.406749, 0.911933, -0.0541564;
	-0.894025, 0.409548, 0.181632;
	0.187816, -0.0254616, 0.981874
]
t:  -7.32717   -1.3828 -0.381368

Value 91: (gtsam::Pose3)
R: [
	0.590903, 0.806729, -0.00463216;
	-0.787825, 0.578273, 0.211973;
	0.173684, -0.121606, 0.977265
]
t:  -6.97743  -2.27689 -0.303406

Value 92: (gtsam::Pose3)
R: [
	0.635141, 0.764843, -0.107755;
	-0.744438, 0.643359, 0.17861;
	0.205934, -0.033226, 0.978002
]
t:  -6.33001  -3.25665 -0.213319

Value 93: (gtsam::Pose3)
R: [
	0.727371, 0.681616, -0.0795704;
	-0.659495, 0.726361, 0.193561;
	0.189731, -0.0883143, 0.977856
]
t:  -5.55532   -3.8607 0.0193471

Value 94: (gtsam::Pose3)
R: [
	0.780806, 0.619937, -0.0775932;
	-0.592858, 0.77437, 0.221067;
	0.197134, -0.126609, 0.972167
]
t:   -4.84515   -4.53113 -0.0256347

Value 95: (gtsam::Pose3)
R: [
	0.883413, 0.455949, -0.108133;
	-0.440484, 0.886727, 0.140319;
	0.159862, -0.0763289, 0.984184
]
t: -4.12087 -5.14482  0.12587

Value 96: (gtsam::Pose3)
R: [
	0.940543, 0.329043, -0.0843125;
	-0.316166, 0.938788, 0.136804;
	0.124166, -0.102014, 0.987004
]
t: -3.20958 -5.56561 0.182744

Value 97: (gtsam::Pose3)
R: [
	0.973848, 0.213764, -0.0769794;
	-0.202371, 0.970126, 0.133799;
	0.103281, -0.114721, 0.988014
]
t:  -2.1399 -5.98008 0.358603

Value 98: (gtsam::Pose3)
R: [
	0.996781, 0.0503978, -0.0623465;
	-0.0437463, 0.993636, 0.103799;
	0.067181, -0.100738, 0.992642
]
t: -1.17843 -6.09011 0.335325

Value 99: (gtsam::Pose3)
R: [
	0.99844, -0.0467569, -0.03053;
	0.0498397, 0.99273, 0.109562;
	0.0251852, -0.110913, 0.993511
]
t: -0.207311  -6.13943  0.420706

Value 100: (gtsam::Pose3)
R: [
	0.984889, -0.173122, 0.00467518;
	0.171647, 0.979374, 0.1066;
	-0.0230336, -0.104187, 0.994291
]
t: 0.844824  -5.9624 0.353953

Value 101: (gtsam::Pose3)
R: [
	0.951654, -0.298513, 0.0724242;
	0.282886, 0.943588, 0.172099;
	-0.119712, -0.143291, 0.982414
]
t:  1.99215 -5.76461 0.141807

Value 102: (gtsam::Pose3)
R: [
	0.900682, -0.407833, 0.149815;
	0.402105, 0.913056, 0.0681236;
	-0.164572, -0.00111638, 0.986364
]
t:  2.93497 -5.49029 0.142877

Value 103: (gtsam::Pose3)
R: [
	0.87253, -0.470839, 0.130391;
	0.468611, 0.882032, 0.0492204;
	-0.138184, 0.0181564, 0.99024
]
t:   3.88079   -5.1019 -0.159556

Value 104: (gtsam::Pose3)
R: [
	0.793863, -0.601619, 0.0885234;
	0.601151, 0.798375, 0.0348604;
	-0.0916476, 0.0255416, 0.995464
]
t:    4.76627   -4.49473 -0.0706268

Value 105: (gtsam::Pose3)
R: [
	0.760561, -0.648146, 0.038129;
	0.646141, 0.761349, 0.0533886;
	-0.0636331, -0.0159686, 0.997846
]
t:   5.57445  -3.79816 -0.378412

Value 106: (gtsam::Pose3)
R: [
	0.653252, -0.746889, 0.124167;
	0.745778, 0.663042, 0.0647359;
	-0.130679, 0.0503122, 0.990147
]
t:    6.2501  -3.07717 -0.540088

Value 107: (gtsam::Pose3)
R: [
	0.512158, -0.835706, 0.198218;
	0.837029, 0.537387, 0.102946;
	-0.192552, 0.113189, 0.974737
]
t:   6.85891  -2.24333 -0.715429

Value 108: (gtsam::Pose3)
R: [
	0.418096, -0.885866, 0.201091;
	0.885294, 0.446965, 0.128363;
	-0.203593, 0.124356, 0.971126
]
t:  7.27653 -1.39415  -1.0012

Value 109: (gtsam::Pose3)
R: [
	0.228836, -0.947232, 0.224467;
	0.95119, 0.26662, 0.155409;
	-0.207056, 0.177948, 0.96201
]
t:   7.74276 -0.451088  -1.23387

Value 110: (gtsam::Pose3)
R: [
	0.15719, -0.968086, 0.195195;
	0.964338, 0.193083, 0.18103;
	-0.212942, 0.159777, 0.963912
]
t:  8.02502 0.673318  -1.4993

Value 111: (gtsam::Pose3)
R: [
	-0.0618201, -0.978229, 0.198107;
	0.97228, -0.0141794, 0.233389;
	-0.225499, 0.207043, 0.951989
]
t:  8.10129  1.57376 -1.70629

Value 112: (gtsam::Pose3)
R: [
	-0.165072, -0.956073, 0.242232;
	0.981654, -0.135501, 0.134144;
	-0.0954284, 0.259932, 0.9609
]
t:  8.11202  2.45867 -2.10102

Value 113: (gtsam::Pose3)
R: [
	-0.299422, -0.930435, 0.211273;
	0.945753, -0.260167, 0.194588;
	-0.126085, 0.258076, 0.957862
]
t: 7.95921 3.51511 -2.2605

Value 114: (gtsam::Pose3)
R: [
	-0.395828, -0.873222, 0.28426;
	0.906664, -0.322437, 0.27202;
	-0.145878, 0.365402, 0.919348
]
t: 7.66229 4.61606 -2.3545

Value 115: (gtsam::Pose3)
R: [
	-0.510979, -0.836516, 0.197843;
	0.845712, -0.448035, 0.289888;
	-0.153855, 0.315445, 0.936388
]
t:   7.1526  5.58559 -2.66601

Value 116: (gtsam::Pose3)
R: [
	-0.63132, -0.755181, 0.176455;
	0.758941, -0.55482, 0.340856;
	-0.159507, 0.349108, 0.923407
]
t:  6.54322  6.45003 -2.96354

Value 117: (gtsam::Pose3)
R: [
	-0.693861, -0.703226, 0.155015;
	0.697991, -0.60384, 0.384949;
	-0.177102, 0.3753, 0.909827
]
t:   5.9566  7.44238 -3.24156

Value 118: (gtsam::Pose3)
R: [
	-0.770646, -0.61052, 0.182674;
	0.623985, -0.66471, 0.410856;
	-0.129411, 0.430611, 0.893212
]
t: 5.05535 8.21013 -3.3618

Value 119: (gtsam::Pose3)
R: [
	-0.791817, -0.583055, 0.181858;
	0.603099, -0.699411, 0.383531;
	-0.0964264, 0.413365, 0.905445
]
t:  3.98922  8.88104 -3.57429

Value 120: (gtsam::Pose3)
R: [
	-0.87369, -0.46189, 0.15272;
	0.485356, -0.806249, 0.338219;
	-0.0330893, 0.369623, 0.928593
]
t:  3.06121  9.58994 -3.68862

Value 121: (gtsam::Pose3)
R: [
	-0.936616, -0.325995, 0.128365;
	0.34996, -0.85304, 0.387105;
	-0.0166935, 0.407491, 0.913057
]
t:  1.99728  10.1493 -3.70869

Value 122: (gtsam::Pose3)
R: [
	-0.980486, -0.163978, 0.108439;
	0.193482, -0.902611, 0.384524;
	0.0348241, 0.398001, 0.916724
]
t: 0.841573    10.63 -3.65818

Value 123: (gtsam::Pose3)
R: [
	-0.969094, -0.128202, 0.210764;
	0.196962, -0.916516, 0.348145;
	0.148535, 0.378897, 0.913441
]
t: -0.259772   10.7062  -3.54291

Value 124: (gtsam::Pose3)
R: [
	-0.986581, 0.0222279, 0.161753;
	0.043164, -0.919936, 0.389686;
	0.157464, 0.391439, 0.906631
]
t: -1.60205  10.9308 -3.21188

Value 125: (gtsam::Pose3)
R: [
	-0.976766, 0.110278, 0.183759;
	-0.0501365, -0.951237, 0.30436;
	0.208362, 0.288076, 0.934664
]
t: -2.71115  11.0132 -3.12298

Value 126: (gtsam::Pose3)
R: [
	-0.941858, 0.327969, 0.0730777;
	-0.282552, -0.890751, 0.355988;
	0.181847, 0.314642, 0.931629
]
t: -3.77592   11.007 -2.92319

Value 127: (gtsam::Pose3)
R: [
	-0.910777, 0.410183, 0.0472799;
	-0.381869, -0.880342, 0.28138;
	0.15704, 0.238219, 0.958431
]
t: -5.00639  10.6579 -2.68403

Value 128: (gtsam::Pose3)
R: [
	-0.811404, 0.584051, 0.0225194;
	-0.555453, -0.78252, 0.281308;
	0.18192, 0.215746, 0.959353
]
t: -6.08112  10.2884 -2.55657

Value 129: (gtsam::Pose3)
R: [
	-0.793242, 0.596017, -0.124619;
	-0.607205, -0.758992, 0.235017;
	0.0454894, 0.262095, 0.963969
]
t:  -7.0488  9.61733 -2.23474

Value 130: (gtsam::Pose3)
R: [
	-0.675202, 0.721347, -0.154145;
	-0.73554, -0.642691, 0.21431;
	0.0555243, 0.258082, 0.964526
]
t:  -7.9829  8.83727 -2.20644

Value 131: (gtsam::Pose3)
R: [
	-0.612827, 0.77777, -0.139702;
	-0.783922, -0.576098, 0.231469;
	0.0995477, 0.251366, 0.962759
]
t: -8.88744  7.70562 -2.22617

Value 132: (gtsam::Pose3)
R: [
	-0.527909, 0.846006, -0.074741;
	-0.829804, -0.495041, 0.257604;
	0.180935, 0.198012, 0.963356
]
t: -9.59937  6.82147 -2.08577

Value 133: (gtsam::Pose3)
R: [
	-0.425657, 0.886704, -0.180479;
	-0.876551, -0.354524, 0.325534;
	0.224668, 0.296764, 0.928146
]
t: -10.2593  5.69839 -1.81961

Value 134: (gtsam::Pose3)
R: [
	-0.274403, 0.934975, -0.224778;
	-0.956502, -0.241311, 0.163929;
	0.099028, 0.259983, 0.960522
]
t: -10.8371   4.5875 -1.52006

Value 135: (gtsam::Pose3)
R: [
	-0.118909, 0.963847, -0.238454;
	-0.973657, -0.0661327, 0.218217;
	0.194558, 0.25812, 0.94632
]
t: -11.0646  3.43227 -1.47011

Value 136: (gtsam::Pose3)
R: [
	-0.0211451, 0.988738, -0.148153;
	-0.97825, 0.0101233, 0.207182;
	0.206348, 0.149311, 0.967019
]
t: -11.2376  2.09129 -1.21164

Value 137: (gtsam::Pose3)
R: [
	0.103813, 0.976512, -0.188802;
	-0.982121, 0.130619, 0.13556;
	0.157037, 0.171354, 0.972614
]
t:  -11.0997  0.990231 -0.891641

Value 138: (gtsam::Pose3)
R: [
	0.277909, 0.955675, -0.0972226;
	-0.956533, 0.284621, 0.0635267;
	0.0883825, 0.075342, 0.993233
]
t:  -10.9591 -0.424731 -0.842086

Value 139: (gtsam::Pose3)
R: [
	0.412123, 0.899755, -0.143511;
	-0.90208, 0.425079, 0.0745566;
	0.128086, 0.0987317, 0.986836
]
t:  -10.6476  -1.58329 -0.773571

Value 140: (gtsam::Pose3)
R: [
	0.510223, 0.83753, -0.195489;
	-0.842729, 0.532244, 0.0807751;
	0.171699, 0.123531, 0.977374
]
t:  -10.0763  -2.82884 -0.531883

Value 141: (gtsam::Pose3)
R: [
	0.592553, 0.794218, -0.134532;
	-0.792906, 0.604527, 0.0764667;
	0.14206, 0.0613609, 0.987954
]
t:  -9.45091  -4.09151 -0.270034

Value 142: (gtsam::Pose3)
R: [
	0.689296, 0.70239, -0.177535;
	-0.709361, 0.704135, 0.0316449;
	0.147236, 0.104124, 0.983606
]
t:   -8.67086   -5.14018 -0.0924978

Value 143: (gtsam::Pose3)
R: [
	0.779828, 0.619536, -0.0896873;
	-0.621959, 0.783049, 0.00118869;
	0.070966, 0.0548548, 0.995969
]
t: -7.67168 -6.13715 0.168402

Value 144: (gtsam::Pose3)
R: [
	0.869211, 0.489466, -0.069968;
	-0.481318, 0.870012, 0.106833;
	0.113164, -0.0591835, 0.991812
]
t: -6.63474 -7.07392 0.196614

Value 145: (gtsam::Pose3)
R: [
	0.893476, 0.429373, -0.131679;
	-0.428573, 0.902797, 0.035819;
	0.134259, 0.0244305, 0.990645
]
t: -5.40233 -7.73844 0.308749

Value 146: (gtsam::Pose3)
R: [
	0.94793, 0.316885, -0.0318137;
	-0.309472, 0.940104, 0.142941;
	0.0752042, -0.125653, 0.98922
]
t: -4.20116 -8.42804 0.493423

Value 147: (gtsam::Pose3)
R: [
	0.969054, 0.245456, -0.0261731;
	-0.24307, 0.967325, 0.0721051;
	0.0430165, -0.0635118, 0.997054
]
t: -2.74055 -8.88859 0.584231

Value 148: (gtsam::Pose3)
R: [
	0.995728, 0.0802757, -0.0456226;
	-0.0792827, 0.996583, 0.0231771;
	0.0473273, -0.019461, 0.99869
]
t: -1.51506 -9.18015 0.623279

Value 149: (gtsam::Pose3)
R: [
	0.999856, 0.00387046, -0.0165119;
	-0.00282061, 0.998001, 0.0631378;
	0.0167232, -0.0630822, 0.997868
]
t: -0.129422  -9.20301  0.619647

Value 150: (gtsam::Pose3)
R: [
	0.987189, -0.139199, 0.0779841;
	0.134348, 0.988842, 0.0643539;
	-0.0860719, -0.0530525, 0.994875
]
t:  1.33304 -9.00617 0.578312

Value 151: (gtsam::Pose3)
R: [
	0.956491, -0.246739, 0.155707;
	0.231149, 0.966494, 0.11162;
	-0.178031, -0.0707715, 0.981477
]
t:  2.73379 -8.78198  0.39579

Value 152: (gtsam::Pose3)
R: [
	0.922925, -0.35004, 0.160253;
	0.339025, 0.936221, 0.0924805;
	-0.182404, -0.0310229, 0.982734
]
t:   4.06655  -8.20391 0.0517806

Value 153: (gtsam::Pose3)
R: [
	0.85227, -0.497824, 0.160647;
	0.498943, 0.865877, 0.0362282;
	-0.157136, 0.0492777, 0.986347
]
t:    5.3341  -7.72211 -0.180532

Value 154: (gtsam::Pose3)
R: [
	0.786499, -0.600825, 0.14293;
	0.607599, 0.79423, -0.00477252;
	-0.110652, 0.0905978, 0.989721
]
t:   6.52595  -6.93769 -0.322641

Value 155: (gtsam::Pose3)
R: [
	0.720001, -0.668363, 0.186787;
	0.680805, 0.732457, -0.00338813;
	-0.134549, 0.129605, 0.982395
]
t:   7.58059  -5.96306 -0.544651

Value 156: (gtsam::Pose3)
R: [
	0.59877, -0.77802, 0.190156;
	0.782501, 0.618898, 0.0682425;
	-0.170781, 0.107936, 0.979379
]
t:   8.50072  -5.05175 -0.832708

Value 157: (gtsam::Pose3)
R: [
	0.417736, -0.881459, 0.220286;
	0.890624, 0.445217, 0.0925828;
	-0.179683, 0.157517, 0.971032
]
t:  9.39915 -3.99044 -1.21536

Value 158: (gtsam::Pose3)
R: [
	0.396627, -0.880518, 0.259566;
	0.895125, 0.433672, 0.103348;
	-0.203566, 0.191354, 0.960179
]
t:  9.98283  -2.6413 -1.47624

Value 159: (gtsam::Pose3)
R: [
	0.258641, -0.924258, 0.280806;
	0.925589, 0.3203, 0.201723;
	-0.276386, 0.207738, 0.938326
]
t:  10.5241 -1.26277 -1.87846

Value 160: (gtsam::Pose3)
R: [
	0.132172, -0.944625, 0.300356;
	0.959428, 0.198053, 0.200681;
	-0.249054, 0.261646, 0.932477
]
t:   10.9848 0.0715518  -2.05093

Value 161: (gtsam::Pose3)
R: [
	-0.0390554, -0.949831, 0.310316;
	0.968364, 0.0406219, 0.246213;
	-0.246466, 0.310115, 0.918196
]
t: 11.0838  1.4609 -2.3522

Value 162: (gtsam::Pose3)
R: [
	-0.120385, -0.956898, 0.2643;
	0.97181, -0.0592302, 0.228203;
	-0.202712, 0.284322, 0.937053
]
t:  10.9593  2.77932 -2.83064

Value 163: (gtsam::Pose3)
R: [
	-0.266412, -0.916257, 0.299161;
	0.938658, -0.176123, 0.296483;
	-0.218965, 0.359796, 0.906973
]
t:  10.8335  4.23167 -3.16661

Value 164: (gtsam::Pose3)
R: [
	-0.412319, -0.858001, 0.306312;
	0.873937, -0.277526, 0.399016;
	-0.257347, 0.432219, 0.864268
]
t:  10.3122  5.61561 -3.40169

Value 165: (gtsam::Pose3)
R: [
	-0.545073, -0.809921, 0.216618;
	0.81537, -0.451981, 0.36178;
	-0.195106, 0.373821, 0.906748
]
t:  9.70911  6.92351 -3.79801

Value 166: (gtsam::Pose3)
R: [
	-0.637381, -0.734901, 0.231659;
	0.743127, -0.506769, 0.436976;
	-0.203736, 0.450672, 0.86913
]
t:  8.94315  8.08892 -4.18935

Value 167: (gtsam::Pose3)
R: [
	-0.693309, -0.675173, 0.251922;
	0.716203, -0.606827, 0.344695;
	-0.0798553, 0.419407, 0.904279
]
t:  7.99254  9.20228 -4.55957

Value 168: (gtsam::Pose3)
R: [
	-0.835565, -0.505727, 0.214642;
	0.546336, -0.723733, 0.421578;
	-0.0578603, 0.469523, 0.881022
]
t:  6.86652  10.2344 -4.86122

Value 169: (gtsam::Pose3)
R: [
	-0.826431, -0.534386, 0.177319;
	0.556337, -0.726602, 0.403162;
	-0.0866036, 0.431835, 0.897785
]
t:  5.67932  11.1891 -4.89896

Value 170: (gtsam::Pose3)
R: [
	-0.880605, -0.424327, 0.210907;
	0.473762, -0.779745, 0.409325;
	-0.00923395, 0.460373, 0.887677
]
t:  4.35465  12.0021 -4.93478

Value 171: (gtsam::Pose3)
R: [
	-0.949299, -0.253062, 0.186522;
	0.309646, -0.855174, 0.415688;
	0.0543139, 0.452368, 0.890176
]
t:  2.97065   12.711 -5.05327

Value 172: (gtsam::Pose3)
R: [
	-0.970547, -0.153751, 0.185468;
	0.217178, -0.891591, 0.397365;
	0.104267, 0.425941, 0.898723
]
t:  1.41745  13.2668 -5.01623

Value 173: (gtsam::Pose3)
R: [
	-0.959026, -0.0230321, 0.28238;
	0.127639, -0.924937, 0.358049;
	0.252938, 0.379421, 0.889979
]
t: -0.00614109     13.6231    -4.84075

Value 174: (gtsam::Pose3)
R: [
	-0.990257, 0.0150153, 0.138442;
	0.0466772, -0.900865, 0.431584;
	0.131198, 0.433841, 0.891386
]
t: -1.62879  13.6952 -4.46608

Value 175: (gtsam::Pose3)
R: [
	-0.976383, 0.127674, 0.174284;
	-0.0378706, -0.895354, 0.443741;
	0.2127, 0.426661, 0.879044
]
t: -3.15917  13.8522 -4.25497

Value 176: (gtsam::Pose3)
R: [
	-0.965578, 0.257072, 0.0396743;
	-0.213522, -0.870453, 0.443531;
	0.148554, 0.419792, 0.895381
]
t:   -4.766  13.7538 -3.95366

Value 177: (gtsam::Pose3)
R: [
	-0.926939, 0.372866, -0.0418955;
	-0.352294, -0.826451, 0.439167;
	0.129126, 0.42184, 0.897428
]
t: -6.23289  13.3187 -3.56765

Value 178: (gtsam::Pose3)
R: [
	-0.849758, 0.504271, -0.153695;
	-0.52587, -0.790343, 0.314354;
	0.0370476, 0.347948, 0.936781
]
t: -7.78215  12.7541 -3.30059

Value 179: (gtsam::Pose3)
R: [
	-0.720532, 0.639581, -0.267899;
	-0.693421, -0.664297, 0.279063;
	0.000519114, 0.386841, 0.922146
]
t: -8.86152   11.872 -3.18273

Value 180: (gtsam::Pose3)
R: [
	-0.692, 0.687965, -0.218722;
	-0.719085, -0.630187, 0.292884;
	0.0636584, 0.359956, 0.930795
]
t: -10.1603  10.6903 -3.20312

Value 181: (gtsam::Pose3)
R: [
	-0.581159, 0.783004, -0.22172;
	-0.812069, -0.540281, 0.220545;
	0.0528966, 0.308224, 0.949842
]
t: -11.2679   9.5267 -3.04956

Value 182: (gtsam::Pose3)
R: [
	-0.537657, 0.805378, -0.24958;
	-0.828629, -0.449987, 0.332995;
	0.155879, 0.385846, 0.909299
]
t: -12.3066  8.16294 -2.88186

Value 183: (gtsam::Pose3)
R: [
	-0.413142, 0.873693, -0.256853;
	-0.896135, -0.33986, 0.285371;
	0.162033, 0.348074, 0.923358
]
t: -13.1506  6.72884 -2.76618

Value 184: (gtsam::Pose3)
R: [
	-0.253926, 0.927733, -0.273557;
	-0.956619, -0.199121, 0.212676;
	0.142836, 0.315694, 0.938049
]
t: -13.6572  5.33366 -2.43478

Value 185: (gtsam::Pose3)
R: [
	-0.0521661, 0.950588, -0.30604;
	-0.985658, 0.000240199, 0.168756;
	0.160491, 0.310454, 0.936942
]
t: -14.0472  3.68692 -2.17099

Value 186: (gtsam::Pose3)
R: [
	-0.0344913, 0.949998, -0.310344;
	-0.979927, 0.0288619, 0.197257;
	0.196351, 0.310918, 0.929933
]
t:  -14.179  1.96306 -1.88134

Value 187: (gtsam::Pose3)
R: [
	0.123504, 0.942477, -0.310618;
	-0.977377, 0.169687, 0.126253;
	0.171698, 0.287998, 0.942113
]
t: -14.0575 0.513289 -1.61556

Value 188: (gtsam::Pose3)
R: [
	0.322344, 0.904553, -0.279066;
	-0.935358, 0.349698, 0.0530823;
	0.145605, 0.243916, 0.958804
]
t: -13.9498 -1.20672 -1.25396

Value 189: (gtsam::Pose3)
R: [
	0.400372, 0.875962, -0.269059;
	-0.90544, 0.423345, 0.0309301;
	0.140998, 0.231233, 0.962627
]
t: -13.3249 -2.72413 -1.14035

Value 190: (gtsam::Pose3)
R: [
	0.501242, 0.835361, -0.225676;
	-0.850207, 0.523961, 0.0511224;
	0.160951, 0.166246, 0.97286
]
t:  -12.6634  -4.39784 -0.968152

Value 191: (gtsam::Pose3)
R: [
	0.610101, 0.765173, -0.205638;
	-0.773485, 0.631444, 0.054757;
	0.171748, 0.125651, 0.977095
]
t:  -11.7512  -5.91835 -0.654294

Value 192: (gtsam::Pose3)
R: [
	0.646319, 0.751413, -0.132854;
	-0.754225, 0.655501, 0.0382471;
	0.115825, 0.075482, 0.990397
]
t:  -10.6678  -7.26449 -0.459291

Value 193: (gtsam::Pose3)
R: [
	0.768093, 0.634446, -0.0866641;
	-0.636441, 0.771303, 0.00582289;
	0.0705386, 0.0506841, 0.996221
]
t:  -9.59292  -8.52209 -0.112297

Value 194: (gtsam::Pose3)
R: [
	0.819562, 0.566277, -0.0874559;
	-0.56768, 0.823185, 0.0103148;
	0.0778334, 0.0411933, 0.996115
]
t: -8.10492  -9.6672 0.205887

Value 195: (gtsam::Pose3)
R: [
	0.87597, 0.461536, -0.140217;
	-0.463725, 0.885783, 0.018625;
	0.132798, 0.0487072, 0.989946
]
t: -6.67383  -10.494 0.206908

Value 196: (gtsam::Pose3)
R: [
	0.96342, 0.266301, -0.0300771;
	-0.264889, 0.963276, 0.0439743;
	0.040683, -0.0343987, 0.99858
]
t: -5.11534 -11.3106 0.517662

Value 197: (gtsam::Pose3)
R: [
	0.962915, 0.263933, -0.0559766;
	-0.262428, 0.964392, 0.03286;
	0.0626562, -0.0169516, 0.997891
]
t:  -3.5321 -11.8975 0.640236

Value 198: (gtsam::Pose3)
R: [
	0.998749, 0.0344032, -0.0362802;
	-0.0333991, 0.999052, 0.027929;
	0.0372067, -0.0266823, 0.998951
]
t: -1.81762 -12.1539 0.627055

Value 199: (gtsam::Pose3)
R: [
	0.999517, 0.0204001, 0.0234523;
	-0.0191259, 0.998394, -0.0533266;
	-0.0245025, 0.0528523, 0.998302
]
t: -0.0389169   -12.2183   0.642312

Value 200: (gtsam::Pose3)
R: [
	0.98446, -0.140915, 0.104788;
	0.148466, 0.98657, -0.0681025;
	-0.0937837, 0.0826016, 0.99216
]
t:  1.84105 -11.9816 0.552506

Value 201: (gtsam::Pose3)
R: [
	0.944209, -0.295449, 0.145533;
	0.298488, 0.954413, 0.00099498;
	-0.139192, 0.0425004, 0.989353
]
t:  3.52998 -11.7461 0.412797

Value 202: (gtsam::Pose3)
R: [
	0.894616, -0.39151, 0.215364;
	0.414316, 0.907308, -0.0716623;
	-0.167344, 0.153339, 0.973901
]
t:  5.23207 -11.0292  0.11544

Value 203: (gtsam::Pose3)
R: [
	0.847557, -0.484731, 0.216063;
	0.500482, 0.865478, -0.0215823;
	-0.176536, 0.126428, 0.976141
]
t:   6.84884  -10.3165 -0.340871

Value 204: (gtsam::Pose3)
R: [
	0.778348, -0.531235, 0.33461;
	0.574405, 0.81769, -0.0379608;
	-0.253441, 0.221748, 0.941592
]
t:   8.46912   -9.3271 -0.544986

Value 205: (gtsam::Pose3)
R: [
	0.677539, -0.681306, 0.277061;
	0.70063, 0.712477, 0.0386579;
	-0.223737, 0.167925, 0.960074
]
t:   9.58241  -8.26003 -0.979216

Value 206: (gtsam::Pose3)
R: [
	0.628164, -0.730282, 0.268511;
	0.762611, 0.646325, -0.0262419;
	-0.154381, 0.221254, 0.962919
]
t:  10.9012 -6.91561 -1.33223

Value 207: (gtsam::Pose3)
R: [
	0.496301, -0.800656, 0.335611;
	0.844821, 0.534433, 0.0256591;
	-0.199906, 0.270797, 0.941651
]
t:  12.0969 -5.38034  -1.6571

Value 208: (gtsam::Pose3)
R: [
	0.349746, -0.846097, 0.402241;
	0.907305, 0.412875, 0.0795684;
	-0.233398, 0.337127, 0.91207
]
t:  12.8134 -3.92016 -2.15119

Value 209: (gtsam::Pose3)
R: [
	0.222596, -0.901843, 0.37031;
	0.953142, 0.281136, 0.111731;
	-0.204871, 0.328088, 0.922164
]
t:  13.3478 -2.25711 -2.53221

Value 210: (gtsam::Pose3)
R: [
	0.0914984, -0.940882, 0.326144;
	0.971958, 0.155629, 0.176289;
	-0.216625, 0.300868, 0.928737
]
t:   13.7816 -0.565624  -3.03219

Value 211: (gtsam::Pose3)
R: [
	-0.0756102, -0.936554, 0.342271;
	0.975091, 0.00233427, 0.221792;
	-0.208519, 0.350515, 0.913049
]
t:  14.0179  1.13497 -3.47009

Value 212: (gtsam::Pose3)
R: [
	-0.214223, -0.927556, 0.306184;
	0.952511, -0.128924, 0.275863;
	-0.216404, 0.35074, 0.911126
]
t:  13.9033  2.93979 -3.74718

Value 213: (gtsam::Pose3)
R: [
	-0.27832, -0.910672, 0.30531;
	0.933185, -0.181132, 0.310415;
	-0.227385, 0.371306, 0.900238
]
t: 13.4286 4.80972 -4.2868

Value 214: (gtsam::Pose3)
R: [
	-0.354237, -0.855118, 0.378535;
	0.899151, -0.200209, 0.389158;
	-0.25699, 0.478215, 0.839802
]
t:  12.9767  6.49453 -4.64101

Value 215: (gtsam::Pose3)
R: [
	-0.498655, -0.814672, 0.296063;
	0.841107, -0.372229, 0.392409;
	-0.209481, 0.444697, 0.87084
]
t:  12.1654  8.17391 -5.13711

Value 216: (gtsam::Pose3)
R: [
	-0.611979, -0.74879, 0.254549;
	0.757925, -0.463341, 0.459199;
	-0.225901, 0.473949, 0.851082
]
t:  11.1653  9.58921 -5.61623

Value 217: (gtsam::Pose3)
R: [
	-0.677751, -0.689537, 0.255328;
	0.719465, -0.550237, 0.423804;
	-0.151738, 0.470933, 0.869021
]
t:  9.90124  10.9222 -6.03581

Value 218: (gtsam::Pose3)
R: [
	-0.763966, -0.600997, 0.234858;
	0.635249, -0.636676, 0.437152;
	-0.113198, 0.483162, 0.868182
]
t:  8.43608  12.3527 -6.32196

Value 219: (gtsam::Pose3)
R: [
	-0.856286, -0.433013, 0.281556;
	0.516251, -0.734536, 0.440389;
	0.0161189, 0.522453, 0.852516
]
t: 7.25026 13.4552 -6.5365

Value 220: (gtsam::Pose3)
R: [
	-0.867013, -0.426883, 0.257021;
	0.498061, -0.757929, 0.421282;
	0.0149654, 0.493269, 0.869748
]
t:  5.58511  14.4038 -6.48189

Value 221: (gtsam::Pose3)
R: [
	-0.903387, -0.355128, 0.240366;
	0.426599, -0.801292, 0.419458;
	0.0436426, 0.481473, 0.875374
]
t:   3.7152  15.3474 -6.41876

Value 222: (gtsam::Pose3)
R: [
	-0.955922, -0.260376, 0.135711;
	0.293575, -0.855694, 0.426147;
	0.00516904, 0.447204, 0.894417
]
t:  2.02161  16.0434 -6.26039

Value 223: (gtsam::Pose3)
R: [
	-0.986027, -0.0975727, 0.135018;
	0.149423, -0.876342, 0.457927;
	0.0736405, 0.471703, 0.878677
]
t: 0.132483  16.4282 -6.09569

Value 224: (gtsam::Pose3)
R: [
	-0.984691, 0.0523457, 0.166263;
	0.0460956, -0.841686, 0.537996;
	0.168103, 0.537424, 0.826388
]
t: -1.83569  16.5065 -5.81759

Value 225: (gtsam::Pose3)
R: [
	-0.97165, 0.215714, 0.0967704;
	-0.126794, -0.820909, 0.556804;
	0.19955, 0.528749, 0.824988
]
t: -3.64188  16.5368 -5.75117

Value 226: (gtsam::Pose3)
R: [
	-0.9656, 0.24454, 0.0884069;
	-0.151554, -0.80553, 0.572847;
	0.211298, 0.539742, 0.814881
]
t: -5.55832  16.3168  -5.3596

Value 227: (gtsam::Pose3)
R: [
	-0.910867, 0.395442, -0.118097;
	-0.38357, -0.70557, 0.595857;
	0.152301, 0.588045, 0.79436
]
t: -7.46207  15.9569 -4.92243

Value 228: (gtsam::Pose3)
R: [
	-0.816406, 0.492738, -0.301148;
	-0.576258, -0.661247, 0.480291;
	0.0375246, 0.565651, 0.82379
]
t: -9.30843  15.1394 -4.52862

Value 229: (gtsam::Pose3)
R: [
	-0.75919, 0.564265, -0.324401;
	-0.647287, -0.602329, 0.467139;
	0.0681937, 0.564628, 0.822524
]
t: -10.7992  13.9113 -4.47341

Value 230: (gtsam::Pose3)
R: [
	-0.666666, 0.680693, -0.303665;
	-0.740676, -0.559421, 0.372085;
	0.0833986, 0.472974, 0.87712
]
t: -12.2668  12.4856 -4.34572

Value 231: (gtsam::Pose3)
R: [
	-0.551908, 0.785513, -0.27994;
	-0.83161, -0.493565, 0.254593;
	0.0618176, 0.373314, 0.925643
]
t: -13.5949  11.1511 -4.26441

Value 232: (gtsam::Pose3)
R: [
	-0.512701, 0.809042, -0.287382;
	-0.848816, -0.427335, 0.311281;
	0.129031, 0.403529, 0.905823
]
t: -14.9004  9.41469 -4.12484

Value 233: (gtsam::Pose3)
R: [
	-0.365655, 0.877779, -0.309518;
	-0.919703, -0.289666, 0.265029;
	0.14298, 0.381574, 0.913213
]
t: -15.8339  7.79511 -3.79309

Value 234: (gtsam::Pose3)
R: [
	-0.223839, 0.920007, -0.321689;
	-0.962257, -0.156196, 0.222853;
	0.15478, 0.359431, 0.920246
]
t: -16.4252  5.97001 -3.57111

Value 235: (gtsam::Pose3)
R: [
	-0.0883203, 0.940873, -0.327044;
	-0.982553, -0.0283403, 0.183812;
	0.163676, 0.337573, 0.92696
]
t: -16.9099  3.81693 -3.24632

Value 236: (gtsam::Pose3)
R: [
	-0.0178379, 0.949103, -0.31446;
	-0.988384, 0.0307364, 0.148835;
	0.150925, 0.313463, 0.93753
]
t: -17.0221  1.82942 -2.84592

Value 237: (gtsam::Pose3)
R: [
	0.116607, 0.933316, -0.339594;
	-0.970175, 0.180205, 0.162129;
	0.212514, 0.310561, 0.926493
]
t:  -16.8553 -0.158284  -2.46842

Value 238: (gtsam::Pose3)
R: [
	0.253073, 0.910757, -0.326307;
	-0.950639, 0.296703, 0.090843;
	0.179552, 0.287211, 0.940888
]
t: -16.6093 -2.23859 -2.13482

Value 239: (gtsam::Pose3)
R: [
	0.367632, 0.877868, -0.306911;
	-0.915378, 0.399825, 0.0471536;
	0.164105, 0.263604, 0.95057
]
t: -16.1243  -4.0181 -1.88201

Value 240: (gtsam::Pose3)
R: [
	0.48398, 0.827124, -0.285708;
	-0.85786, 0.512906, 0.0316748;
	0.172741, 0.229768, 0.957793
]
t: -15.1192 -6.02748 -1.45788

Value 241: (gtsam::Pose3)
R: [
	0.546173, 0.791873, -0.273189;
	-0.816719, 0.575883, 0.0364434;
	0.186183, 0.203214, 0.96127
]
t: -14.2622 -7.69317 -1.16146

Value 242: (gtsam::Pose3)
R: [
	0.698009, 0.668394, -0.256967;
	-0.696909, 0.716565, -0.0291912;
	0.164622, 0.199458, 0.965979
]
t:  -13.0392  -9.26393 -0.883377

Value 243: (gtsam::Pose3)
R: [
	0.786034, 0.573859, -0.229862;
	-0.597423, 0.800723, -0.0439078;
	0.158859, 0.171838, 0.972232
]
t:  -11.5826  -10.7149 -0.446848

Value 244: (gtsam::Pose3)
R: [
	0.848098, 0.500431, -0.174064;
	-0.512941, 0.857785, -0.033103;
	0.132743, 0.117359, 0.984178
]
t:   -9.90497    -12.088 -0.0442552

Value 245: (gtsam::Pose3)
R: [
	0.87706, 0.44933, -0.169906;
	-0.454554, 0.890673, 0.00903245;
	0.15539, 0.0693097, 0.985419
]
t:   -8.17707   -13.2246 -0.0129029

Value 246: (gtsam::Pose3)
R: [
	0.937361, 0.33117, -0.10808;
	-0.339636, 0.937789, -0.0721083;
	0.0774758, 0.104299, 0.991524
]
t: -6.14672 -14.3001 0.175014

