Incremental optimization
Loading sphere2500
Parameters: K = 1, epsilon = 0.001, max_optimization_iter = 50, opt_stop_cond = 0, relinearize_skip = 4, relin_tree_depth = 2147483647, print_frequency = 100
measurements.size() = 4949
values.size() = 0 Playing forward time steps...
step = 1000, Chi2 = 0.242348, graph_error = 691.42
Before relin
Values with 1001 values:
Value 0: (gtsam::Pose3)
R: [
	1, -3.04365e-12, -5.5222e-12;
	3.04365e-12, 1, -1.83872e-11;
	5.5222e-12, 1.83872e-11, 1
]
t: -6.29521e-13  -2.8238e-13 -3.03957e-13

Value 1: (gtsam::Pose3)
R: [
	0.97843, -0.20414, 0.0316575;
	0.202306, 0.97788, 0.0531408;
	-0.0418054, -0.04559, 0.998085
]
t:   0.348447 -0.0832814  0.0551299

Value 2: (gtsam::Pose3)
R: [
	0.876784, -0.477082, 0.0603436;
	0.468517, 0.875759, 0.116351;
	-0.108356, -0.073743, 0.991373
]
t:   0.573431   0.023314 -0.0141141

Value 3: (gtsam::Pose3)
R: [
	0.821282, -0.569266, 0.0378501;
	0.558888, 0.81609, 0.147113;
	-0.114635, -0.099667, 0.988395
]
t:    0.68382 0.00883948  -0.260592

Value 4: (gtsam::Pose3)
R: [
	0.726578, -0.686773, 0.0206779;
	0.676445, 0.720279, 0.153688;
	-0.120443, -0.0976789, 0.987903
]
t:  0.795537 0.0841728 -0.370468

Value 5: (gtsam::Pose3)
R: [
	0.679881, -0.733311, 0.00411802;
	0.726335, 0.674166, 0.133931;
	-0.100989, -0.0880662, 0.990982
]
t:  1.04811 0.224581 -0.46712

Value 6: (gtsam::Pose3)
R: [
	0.519914, -0.854184, 0.00766696;
	0.845908, 0.516084, 0.134524;
	-0.118865, -0.0634555, 0.990881
]
t:   1.18182  0.344427 -0.495139

Value 7: (gtsam::Pose3)
R: [
	0.389431, -0.920669, -0.0266802;
	0.912279, 0.381569, 0.148836;
	-0.126848, -0.082301, 0.988502
]
t:   1.43385  0.456234 -0.608678

Value 8: (gtsam::Pose3)
R: [
	0.267003, -0.960357, 0.0801487;
	0.952125, 0.275732, 0.132024;
	-0.14889, 0.0410607, 0.988001
]
t:   1.69225  0.718904 -0.468676

Value 9: (gtsam::Pose3)
R: [
	0.157316, -0.984974, 0.0712655;
	0.974381, 0.166558, 0.151127;
	-0.160726, 0.0456651, 0.985942
]
t:   1.87437  0.943141 -0.555911

Value 10: (gtsam::Pose3)
R: [
	0.0396819, -0.997822, 0.0526878;
	0.987433, 0.0472322, 0.150816;
	-0.152977, 0.046041, 0.987157
]
t:   2.02046   1.31907 -0.730445

Value 11: (gtsam::Pose3)
R: [
	0.0316865, -0.999229, 0.0231893;
	0.98409, 0.0352477, 0.174141;
	-0.174824, 0.0173024, 0.984448
]
t:   2.00424   1.72398 -0.852648

Value 12: (gtsam::Pose3)
R: [
	-0.0423048, -0.999031, -0.0121097;
	0.976324, -0.0439106, 0.211809;
	-0.212136, -0.00286246, 0.977236
]
t:   2.01357   2.27853 -0.986045

Value 13: (gtsam::Pose3)
R: [
	-0.258085, -0.963248, 0.0744703;
	0.935803, -0.230083, 0.267085;
	-0.240135, 0.13862, 0.960791
]
t:   1.97061   2.38346 -0.939222

Value 14: (gtsam::Pose3)
R: [
	-0.434235, -0.899474, -0.0488493;
	0.855241, -0.428694, 0.291177;
	-0.282847, 0.0846613, 0.955421
]
t:  1.93651  2.76784 -1.02546

Value 15: (gtsam::Pose3)
R: [
	-0.550651, -0.834292, 0.0272089;
	0.80505, -0.522171, 0.281481;
	-0.22063, 0.176902, 0.959181
]
t:  1.67949  2.97876 -1.19867

Value 16: (gtsam::Pose3)
R: [
	-0.594164, -0.802871, 0.0486613;
	0.779381, -0.559715, 0.281575;
	-0.198832, 0.205227, 0.958305
]
t: 1.59214 3.44827 -1.3079

Value 17: (gtsam::Pose3)
R: [
	-0.620045, -0.780038, 0.0841698;
	0.763001, -0.574541, 0.296196;
	-0.182685, 0.247877, 0.951411
]
t:  1.32925  3.84201 -1.45301

Value 18: (gtsam::Pose3)
R: [
	-0.704223, -0.706371, 0.0714756;
	0.697416, -0.669394, 0.255973;
	-0.132967, 0.23011, 0.964038
]
t: 0.884657  4.14737 -1.45057

Value 19: (gtsam::Pose3)
R: [
	-0.805912, -0.578142, 0.127503;
	0.591591, -0.778076, 0.21123;
	-0.0229142, 0.245663, 0.969085
]
t: 0.618386  4.33007 -1.48512

Value 20: (gtsam::Pose3)
R: [
	-0.839692, -0.45791, 0.291951;
	0.518602, -0.835664, 0.180879;
	0.161147, 0.303289, 0.939174
]
t: 0.365972  4.64685 -1.47917

Value 21: (gtsam::Pose3)
R: [
	-0.920782, -0.340994, 0.189427;
	0.385036, -0.872339, 0.301285;
	0.0625084, 0.350354, 0.934529
]
t: -0.0854741    4.76807   -1.21851

Value 22: (gtsam::Pose3)
R: [
	-0.972126, -0.195501, 0.129424;
	0.227223, -0.921663, 0.314496;
	0.057801, 0.335138, 0.940394
]
t: -0.427115   5.03394  -1.22015

Value 23: (gtsam::Pose3)
R: [
	-0.987099, -0.0714344, 0.143295;
	0.114962, -0.939131, 0.323753;
	0.111446, 0.336049, 0.935228
]
t: -0.811324   5.23416  -1.06936

Value 24: (gtsam::Pose3)
R: [
	-0.990091, 0.0099219, 0.140075;
	0.035978, -0.946284, 0.32133;
	0.135739, 0.323185, 0.93655
]
t: -1.24545   5.3104 -1.05221

Value 25: (gtsam::Pose3)
R: [
	-0.983996, 0.165054, 0.0671494;
	-0.125892, -0.910637, 0.393562;
	0.126108, 0.37881, 0.916842
]
t:  -1.71152    5.3146 -0.923063

Value 26: (gtsam::Pose3)
R: [
	-0.963821, 0.260372, 0.0570539;
	-0.215455, -0.887032, 0.408355;
	0.156933, 0.381289, 0.911038
]
t:   -2.1266   5.28936 -0.849547

Value 27: (gtsam::Pose3)
R: [
	-0.907159, 0.408749, 0.0999339;
	-0.340041, -0.851998, 0.398084;
	0.24786, 0.327143, 0.91189
]
t:  -2.69836   5.25012 -0.812117

Value 28: (gtsam::Pose3)
R: [
	-0.83781, 0.53216, 0.121984;
	-0.491716, -0.832585, 0.254987;
	0.237256, 0.153649, 0.959219
]
t:   -3.0948   5.01674 -0.854201

Value 29: (gtsam::Pose3)
R: [
	-0.776421, 0.626321, 0.0699414;
	-0.598818, -0.767776, 0.227897;
	0.196436, 0.135062, 0.97117
]
t:  -3.37221   4.79784 -0.683621

Value 30: (gtsam::Pose3)
R: [
	-0.634302, 0.773066, -0.00554611;
	-0.754868, -0.617791, 0.220247;
	0.166839, 0.14389, 0.975428
]
t:  -3.76652   4.54233 -0.669185

Value 31: (gtsam::Pose3)
R: [
	-0.568831, 0.821448, -0.0406782;
	-0.80082, -0.541921, 0.254971;
	0.187401, 0.177611, 0.966093
]
t:  -4.10386   4.23793 -0.500764

Value 32: (gtsam::Pose3)
R: [
	-0.489121, 0.872006, 0.0191348;
	-0.835654, -0.474791, 0.276144;
	0.249884, 0.119078, 0.960926
]
t:  -4.37612   4.00135 -0.447918

Value 33: (gtsam::Pose3)
R: [
	-0.390933, 0.919878, 0.0315683;
	-0.88904, -0.386262, 0.245785;
	0.238286, 0.0680199, 0.96881
]
t: -4.83498   3.4109 -0.30485

Value 34: (gtsam::Pose3)
R: [
	-0.252492, 0.967597, -0.00185989;
	-0.928774, -0.241821, 0.280893;
	0.271341, 0.0726505, 0.959737
]
t:  -4.91709   2.94022 -0.164048

Value 35: (gtsam::Pose3)
R: [
	-0.135402, 0.990623, 0.0182163;
	-0.981444, -0.136621, 0.134548;
	0.135775, 0.00033979, 0.99074
]
t:  -4.97478    2.4306 -0.273085

Value 36: (gtsam::Pose3)
R: [
	-0.0967066, 0.994411, 0.0423602;
	-0.956906, -0.104599, 0.270907;
	0.273824, -0.0143362, 0.961673
]
t:  -5.09258   1.76596 -0.278389

Value 37: (gtsam::Pose3)
R: [
	0.0593971, 0.997844, 0.027929;
	-0.980092, 0.052985, 0.191341;
	0.189448, -0.0387381, 0.981126
]
t:  -5.08206   1.41073 -0.179792

Value 38: (gtsam::Pose3)
R: [
	0.262195, 0.964439, 0.0333342;
	-0.954077, 0.253883, 0.158995;
	0.144878, -0.0734913, 0.986716
]
t:  -5.17609  0.961956 -0.215541

Value 39: (gtsam::Pose3)
R: [
	0.33739, 0.94099, 0.0265578;
	-0.93954, 0.334846, 0.0717084;
	0.0585841, -0.0491458, 0.997072
]
t:  -4.92687  0.338351 -0.061298

Value 40: (gtsam::Pose3)
R: [
	0.404913, 0.914306, 0.0094565;
	-0.910221, 0.402078, 0.0991482;
	0.0868496, -0.0487539, 0.995028
]
t:  -4.64422 -0.283982  -0.11707

Value 41: (gtsam::Pose3)
R: [
	0.484999, 0.873152, 0.0487993;
	-0.865588, 0.471348, 0.169083;
	0.124634, -0.124245, 0.984393
]
t:  -4.39111 -0.836782 -0.179839

Value 42: (gtsam::Pose3)
R: [
	0.641445, 0.766914, 0.0197715;
	-0.750438, 0.621894, 0.223808;
	0.159346, -0.158398, 0.974433
]
t:  -3.91333  -1.38294 -0.223557

Value 43: (gtsam::Pose3)
R: [
	0.69022, 0.723442, 0.0151013;
	-0.70323, 0.665727, 0.249548;
	0.17048, -0.182863, 0.968245
]
t:  -3.44777  -1.68436 -0.185436

Value 44: (gtsam::Pose3)
R: [
	0.825725, 0.556353, -0.0930087;
	-0.533213, 0.823656, 0.193066;
	0.18402, -0.109826, 0.976768
]
t:  -3.09967  -2.09491 -0.195002

Value 45: (gtsam::Pose3)
R: [
	0.906649, 0.419562, -0.0442289;
	-0.404199, 0.893889, 0.193871;
	0.120876, -0.157895, 0.98003
]
t:  -2.84584  -2.45756 -0.331537

Value 46: (gtsam::Pose3)
R: [
	0.944072, 0.321517, -0.0731794;
	-0.308453, 0.93955, 0.148667;
	0.116555, -0.11778, 0.986176
]
t:  -2.37012  -2.73361 -0.202283

Value 47: (gtsam::Pose3)
R: [
	0.982318, 0.16399, -0.0903225;
	-0.147248, 0.974688, 0.16823;
	0.115624, -0.151955, 0.981601
]
t:  -1.82214  -3.02985 -0.163602

Value 48: (gtsam::Pose3)
R: [
	0.994022, -0.0475302, -0.0982923;
	0.0654475, 0.979989, 0.187982;
	0.0873906, -0.193291, 0.977242
]
t:   -1.19477   -3.14023 -0.0220874

Value 49: (gtsam::Pose3)
R: [
	0.987105, -0.145585, -0.0665513;
	0.152054, 0.982722, 0.105532;
	0.0500376, -0.114291, 0.992186
]
t: -0.656676  -3.14097 0.0183727

Value 50: (gtsam::Pose3)
R: [
	0.987788, -0.154029, -0.0234698;
	0.155558, 0.983469, 0.092682;
	0.00880606, -0.0952011, 0.995419
]
t:  0.123929   -3.0032 -0.046944

Value 51: (gtsam::Pose3)
R: [
	0.911849, -0.406555, 0.0569605;
	0.402211, 0.912523, 0.074353;
	-0.0822064, -0.0448886, 0.995604
]
t: 0.832043 -3.03757 0.110085

Value 52: (gtsam::Pose3)
R: [
	0.899113, -0.428545, 0.0891349;
	0.42896, 0.903192, 0.0154293;
	-0.0871181, 0.0243626, 0.9959
]
t:   1.79294   -2.6977 0.0759007

Value 53: (gtsam::Pose3)
R: [
	0.847378, -0.527126, 0.063942;
	0.51998, 0.848164, 0.101184;
	-0.10757, -0.052493, 0.992811
]
t:   2.29615  -2.47074 -0.118385

Value 54: (gtsam::Pose3)
R: [
	0.78178, -0.622079, 0.0428734;
	0.61393, 0.779925, 0.12168;
	-0.109132, -0.0688056, 0.991643
]
t:   2.81876   -2.0999 -0.165415

Value 55: (gtsam::Pose3)
R: [
	0.667026, -0.741482, 0.0726694;
	0.738938, 0.670866, 0.0625245;
	-0.0951122, 0.0119927, 0.995394
]
t:   3.34011  -1.77399 -0.301737

Value 56: (gtsam::Pose3)
R: [
	0.570411, -0.820152, 0.0445332;
	0.81463, 0.571831, 0.0968844;
	-0.104925, -0.0189858, 0.994299
]
t:   3.84758  -1.23917 -0.481847

Value 57: (gtsam::Pose3)
R: [
	0.495014, -0.861836, 0.110452;
	0.85901, 0.504528, 0.0869078;
	-0.130626, 0.0518586, 0.990074
]
t:   4.32362 -0.662941  -0.46939

Value 58: (gtsam::Pose3)
R: [
	0.394639, -0.915096, 0.0828167;
	0.908164, 0.402165, 0.116193;
	-0.139634, 0.029357, 0.989768
]
t:   4.60484 -0.119003 -0.611661

Value 59: (gtsam::Pose3)
R: [
	0.280024, -0.95355, 0.111037;
	0.947199, 0.293258, 0.129668;
	-0.156207, 0.0688638, 0.985321
]
t:   4.83186  0.544743 -0.761694

Value 60: (gtsam::Pose3)
R: [
	0.140188, -0.98014, 0.140259;
	0.981904, 0.155839, 0.107607;
	-0.127328, 0.122635, 0.98425
]
t:   5.11204   1.24888 -0.915017

Value 61: (gtsam::Pose3)
R: [
	0.00923636, -0.99551, 0.0942052;
	0.990884, 0.021774, 0.132944;
	-0.134399, 0.0921185, 0.986636
]
t:  5.10274  1.74018 -1.05932

Value 62: (gtsam::Pose3)
R: [
	-0.0678345, -0.987256, 0.143962;
	0.976984, -0.0364817, 0.21017;
	-0.20224, 0.154905, 0.967008
]
t:  5.06891  2.55355 -1.13361

Value 63: (gtsam::Pose3)
R: [
	-0.148395, -0.97838, 0.144055;
	0.951447, -0.101524, 0.290589;
	-0.269682, 0.180183, 0.945942
]
t:  4.98595  3.24652 -1.38491

Value 64: (gtsam::Pose3)
R: [
	-0.334262, -0.936798, 0.103335;
	0.884407, -0.273882, 0.377905;
	-0.325719, 0.217709, 0.92006
]
t:  4.76337  3.86081 -1.48514

Value 65: (gtsam::Pose3)
R: [
	-0.349552, -0.925915, 0.143157;
	0.90166, -0.290927, 0.319954;
	-0.254602, 0.240919, 0.936555
]
t:  4.35738  4.56761 -1.77887

Value 66: (gtsam::Pose3)
R: [
	-0.499516, -0.854194, 0.144351;
	0.840196, -0.437088, 0.320976;
	-0.211082, 0.281615, 0.936022
]
t:   3.9085  5.08112 -1.98192

Value 67: (gtsam::Pose3)
R: [
	-0.669068, -0.721469, 0.178409;
	0.726877, -0.585203, 0.359426;
	-0.154909, 0.370162, 0.91596
]
t:  3.65563   5.6229 -2.14906

Value 68: (gtsam::Pose3)
R: [
	-0.739503, -0.645168, 0.19208;
	0.667317, -0.665118, 0.335121;
	-0.0884529, 0.376001, 0.922388
]
t:  3.00348  6.17983 -2.15414

Value 69: (gtsam::Pose3)
R: [
	-0.818734, -0.518094, 0.247495;
	0.5737, -0.755665, 0.315972;
	0.0233203, 0.400685, 0.915919
]
t:  2.27123  6.61656 -2.31952

Value 70: (gtsam::Pose3)
R: [
	-0.849664, -0.42986, 0.305438;
	0.511283, -0.813331, 0.277636;
	0.129078, 0.392063, 0.910838
]
t:    1.669  6.98507 -2.44583

Value 71: (gtsam::Pose3)
R: [
	-0.93306, -0.314115, 0.175299;
	0.35495, -0.883059, 0.306949;
	0.0583823, 0.348625, 0.935442
]
t: 0.966808  7.35727 -2.36494

Value 72: (gtsam::Pose3)
R: [
	-0.964474, -0.206199, 0.165144;
	0.247398, -0.924225, 0.290866;
	0.0926534, 0.321389, 0.942404
]
t: 0.237263  7.71957 -2.35997

Value 73: (gtsam::Pose3)
R: [
	-0.989518, -0.132935, 0.0564192;
	0.143784, -0.943325, 0.299107;
	0.0134597, 0.304084, 0.95255
]
t: -0.693322   7.97044  -2.17368

Value 74: (gtsam::Pose3)
R: [
	-0.971173, 0.139536, 0.193268;
	-0.0803488, -0.954945, 0.285699;
	0.224426, 0.261935, 0.938628
]
t: -1.34955  8.04673 -2.15921

Value 75: (gtsam::Pose3)
R: [
	-0.980374, 0.15002, 0.127911;
	-0.108973, -0.953043, 0.282549;
	0.164292, 0.263065, 0.950686
]
t: -2.24283  8.05492 -2.14487

Value 76: (gtsam::Pose3)
R: [
	-0.955313, 0.278363, 0.0994545;
	-0.233497, -0.916942, 0.323567;
	0.181263, 0.285885, 0.940964
]
t: -2.99955  8.02307 -1.99049

Value 77: (gtsam::Pose3)
R: [
	-0.903285, 0.390318, 0.178124;
	-0.32603, -0.894332, 0.306391;
	0.278892, 0.218685, 0.935092
]
t: -3.9109 7.83787 -1.6324

Value 78: (gtsam::Pose3)
R: [
	-0.863423, 0.488503, 0.125963;
	-0.425319, -0.839158, 0.338996;
	0.271303, 0.239122, 0.932317
]
t: -4.6098 7.60399 -1.3701

Value 79: (gtsam::Pose3)
R: [
	-0.811567, 0.579163, 0.0769976;
	-0.541968, -0.795483, 0.271068;
	0.218243, 0.178259, 0.959476
]
t: -5.31324  7.22373 -1.27387

Value 80: (gtsam::Pose3)
R: [
	-0.713696, 0.700427, -0.00632546;
	-0.68946, -0.700869, 0.182831;
	0.123627, 0.134847, 0.983124
]
t: -6.02636   6.5841 -1.20116

Value 81: (gtsam::Pose3)
R: [
	-0.626375, 0.778159, -0.0460639;
	-0.767438, -0.605224, 0.211523;
	0.13672, 0.167844, 0.976287
]
t: -6.61469  5.90628 -1.06901

Value 82: (gtsam::Pose3)
R: [
	-0.486809, 0.873296, -0.0192724;
	-0.852072, -0.469889, 0.230603;
	0.192329, 0.128681, 0.972857
]
t:  -7.06394   5.41611 -0.918442

Value 83: (gtsam::Pose3)
R: [
	-0.340535, 0.93561, -0.0931114;
	-0.925987, -0.316555, 0.205769;
	0.163045, 0.156292, 0.974161
]
t:   -7.4415   4.72938 -0.609846

Value 84: (gtsam::Pose3)
R: [
	-0.251502, 0.963385, -0.0929258;
	-0.94937, -0.226883, 0.217301;
	0.188262, 0.142873, 0.971671
]
t:  -7.75827   3.76433 -0.512738

Value 85: (gtsam::Pose3)
R: [
	-0.181228, 0.981966, -0.0538424;
	-0.972092, -0.170574, 0.161066;
	0.148978, 0.0815295, 0.985474
]
t:  -8.03399   2.88739 -0.314958

Value 86: (gtsam::Pose3)
R: [
	-0.0323893, 0.99656, -0.0762778;
	-0.980871, -0.0170371, 0.193913;
	0.191946, 0.0810993, 0.978049
]
t:  -8.16651   2.04412 -0.296393

Value 87: (gtsam::Pose3)
R: [
	0.075011, 0.989309, -0.125061;
	-0.993462, 0.0849656, 0.0762564;
	0.0860671, 0.118524, 0.989214
]
t:   -8.19834    1.28414 -0.0207751

Value 88: (gtsam::Pose3)
R: [
	0.236323, 0.969323, -0.0675653;
	-0.969384, 0.239967, 0.0520624;
	0.0666787, 0.0531932, 0.996356
]
t:  -7.98256  0.218475 -0.122524

Value 89: (gtsam::Pose3)
R: [
	0.314733, 0.941022, -0.124181;
	-0.948455, 0.316902, -0.00239959;
	0.0370951, 0.118535, 0.992257
]
t:    -7.75025   -0.669546 -0.00482999

Value 90: (gtsam::Pose3)
R: [
	0.404, 0.914406, -0.0254147;
	-0.914451, 0.404429, 0.0146971;
	0.0237175, 0.0173029, 0.999569
]
t:  -7.33421   -1.4779 0.0660054

Value 91: (gtsam::Pose3)
R: [
	0.587283, 0.803956, -0.0935566;
	-0.805553, 0.591817, 0.0289338;
	0.0786299, 0.0583725, 0.995193
]
t:   -7.0042  -2.31633 0.0479126

Value 92: (gtsam::Pose3)
R: [
	0.642547, 0.756958, -0.118943;
	-0.750186, 0.653069, 0.103542;
	0.156055, 0.0226988, 0.987488
]
t:  -6.36898  -3.29277 -0.049329

Value 93: (gtsam::Pose3)
R: [
	0.734005, 0.674944, -0.0754085;
	-0.657511, 0.734032, 0.169928;
	0.170044, -0.0751462, 0.982567
]
t:  -5.57226  -3.90551 0.0882389

Value 94: (gtsam::Pose3)
R: [
	0.795019, 0.604601, -0.0490129;
	-0.58889, 0.788678, 0.176625;
	0.145443, -0.111557, 0.983057
]
t:  -4.87061  -4.58365 0.0122487

Value 95: (gtsam::Pose3)
R: [
	0.890716, 0.44915, -0.0699214;
	-0.440087, 0.8906, 0.114697;
	0.113788, -0.0713909, 0.990937
]
t: -4.14174 -5.17506  0.11051

Value 96: (gtsam::Pose3)
R: [
	0.945944, 0.320466, -0.0499171;
	-0.313342, 0.942729, 0.114365;
	0.0837084, -0.0925418, 0.992184
]
t: -3.23003 -5.57074 0.104409

Value 97: (gtsam::Pose3)
R: [
	0.97327, 0.218445, -0.0709041;
	-0.207184, 0.968327, 0.13935;
	0.0990986, -0.120935, 0.987702
]
t: -2.14926  -5.9897 0.218824

Value 98: (gtsam::Pose3)
R: [
	0.993068, 0.0721937, -0.0927598;
	-0.0589878, 0.988679, 0.137963;
	0.10167, -0.131535, 0.986084
]
t: -1.18632 -6.09385  0.17267

Value 99: (gtsam::Pose3)
R: [
	0.99776, -0.0365403, -0.0560359;
	0.0425562, 0.992995, 0.110223;
	0.0516158, -0.112361, 0.992326
]
t: -0.207163  -6.14231  0.301895

Value 100: (gtsam::Pose3)
R: [
	0.983741, -0.176963, -0.0306192;
	0.17924, 0.978104, 0.105757;
	0.0112337, -0.109526, 0.99392
]
t: 0.852508 -5.96418 0.279739

Value 101: (gtsam::Pose3)
R: [
	0.951902, -0.30131, 0.0556231;
	0.288288, 0.942239, 0.170515;
	-0.103788, -0.146279, 0.983784
]
t:  2.00608  -5.7642 0.117928

Value 102: (gtsam::Pose3)
R: [
	0.90109, -0.41099, 0.138292;
	0.40633, 0.91164, 0.0617208;
	-0.151439, 0.000576025, 0.988466
]
t:  2.94694 -5.48265 0.138318

Value 103: (gtsam::Pose3)
R: [
	0.871978, -0.474691, 0.119683;
	0.472639, 0.880012, 0.0468167;
	-0.127546, 0.0157437, 0.991708
]
t:   3.89627   -5.0894 -0.150523

Value 104: (gtsam::Pose3)
R: [
	0.790923, -0.607128, 0.076395;
	0.605613, 0.794525, 0.0443001;
	-0.0875936, 0.0112279, 0.996093
]
t:    4.77765   -4.48066 -0.0524316

Value 105: (gtsam::Pose3)
R: [
	0.754506, -0.655386, 0.0345067;
	0.650611, 0.753842, 0.0918007;
	-0.0861774, -0.0468137, 0.995179
]
t:   5.58339  -3.78569 -0.358693

Value 106: (gtsam::Pose3)
R: [
	0.643146, -0.757449, 0.112399;
	0.751132, 0.652579, 0.0997059;
	-0.148871, 0.0203009, 0.988648
]
t:   6.26817  -3.04876 -0.579829

Value 107: (gtsam::Pose3)
R: [
	0.51363, -0.846507, 0.140036;
	0.839142, 0.529639, 0.123784;
	-0.178952, 0.0539305, 0.982378
]
t:   6.86095  -2.21374 -0.793784

Value 108: (gtsam::Pose3)
R: [
	0.427515, -0.882104, 0.197797;
	0.887437, 0.451211, 0.0941471;
	-0.172296, 0.135283, 0.975711
]
t:  7.28549 -1.34941 -1.03345

Value 109: (gtsam::Pose3)
R: [
	0.254776, -0.932053, 0.257617;
	0.956587, 0.281915, 0.0739235;
	-0.141527, 0.2276, 0.963415
]
t:   7.73973 -0.426989  -1.21743

Value 110: (gtsam::Pose3)
R: [
	0.208495, -0.946495, 0.246326;
	0.973414, 0.225246, 0.0415825;
	-0.0948416, 0.231107, 0.968295
]
t:  8.03824 0.722552  -1.3642

Value 111: (gtsam::Pose3)
R: [
	0.000458939, -0.964177, 0.26526;
	0.998255, 0.0161049, 0.0568117;
	-0.0590485, 0.264771, 0.962502
]
t:  8.15855    1.621 -1.47995

Value 112: (gtsam::Pose3)
R: [
	-0.181355, -0.948247, 0.260648;
	0.965634, -0.12153, 0.229744;
	-0.186177, 0.293355, 0.9377
]
t:  8.19811  2.53379 -1.77551

Value 113: (gtsam::Pose3)
R: [
	-0.328945, -0.917648, 0.222976;
	0.920146, -0.258337, 0.294268;
	-0.212432, 0.301968, 0.929348
]
t:  8.02951  3.60117 -1.99574

Value 114: (gtsam::Pose3)
R: [
	-0.435777, -0.863114, 0.255212;
	0.866586, -0.325747, 0.378045;
	-0.243162, 0.385906, 0.889915
]
t: 7.68992 4.66765 -2.2043

Value 115: (gtsam::Pose3)
R: [
	-0.53605, -0.829878, 0.154765;
	0.823019, -0.472955, 0.314569;
	-0.187857, 0.295999, 0.936533
]
t:  7.13144  5.58324 -2.66256

Value 116: (gtsam::Pose3)
R: [
	-0.647146, -0.749483, 0.139558;
	0.745675, -0.584186, 0.32046;
	-0.158651, 0.31145, 0.936925
]
t:  6.49439  6.42108 -3.00314

Value 117: (gtsam::Pose3)
R: [
	-0.706658, -0.698766, 0.111175;
	0.685274, -0.636783, 0.353422;
	-0.176165, 0.325933, 0.928834
]
t:  5.88295  7.39441 -3.28078

Value 118: (gtsam::Pose3)
R: [
	-0.774869, -0.607345, 0.175242;
	0.621929, -0.682906, 0.383202;
	-0.113062, 0.405919, 0.906888
]
t:  4.99608  8.12862 -3.39513

Value 119: (gtsam::Pose3)
R: [
	-0.799537, -0.575246, 0.17272;
	0.59259, -0.708675, 0.382905;
	-0.0978618, 0.408499, 0.907497
]
t:  3.92492  8.82178 -3.57661

Value 120: (gtsam::Pose3)
R: [
	-0.876509, -0.45283, 0.163332;
	0.481337, -0.819594, 0.310774;
	-0.00686228, 0.351014, 0.936345
]
t:   2.9748  9.50039 -3.68694

Value 121: (gtsam::Pose3)
R: [
	-0.913656, -0.327132, 0.241281;
	0.393712, -0.859827, 0.325099;
	0.101109, 0.392024, 0.914382
]
t:  1.91068  10.0585 -3.66248

Value 122: (gtsam::Pose3)
R: [
	-0.967931, -0.14068, 0.208131;
	0.208023, -0.913324, 0.350093;
	0.14084, 0.382162, 0.9133
]
t: 0.795961  10.5865 -3.44495

Value 123: (gtsam::Pose3)
R: [
	-0.985172, -0.0958396, 0.142304;
	0.14522, -0.907487, 0.39418;
	0.0913606, 0.409, 0.907949
]
t: -0.348963   10.7281  -3.15078

Value 124: (gtsam::Pose3)
R: [
	-0.986512, 0.0378263, 0.159258;
	0.033152, -0.906599, 0.42069;
	0.160296, 0.420295, 0.893117
]
t: -1.70555  10.8693 -2.96922

Value 125: (gtsam::Pose3)
R: [
	-0.977204, 0.151399, 0.148829;
	-0.0894944, -0.929462, 0.357899;
	0.192516, 0.336421, 0.921823
]
t: -2.82056  10.9538 -2.85031

Value 126: (gtsam::Pose3)
R: [
	-0.925477, 0.341053, 0.164846;
	-0.254665, -0.88234, 0.395754;
	0.280424, 0.324281, 0.90344
]
t: -3.91512  10.8895 -2.72788

Value 127: (gtsam::Pose3)
R: [
	-0.893931, 0.425997, 0.139334;
	-0.363194, -0.870651, 0.331749;
	0.262636, 0.245956, 0.933021
]
t: -5.08387  10.6062 -2.37211

Value 128: (gtsam::Pose3)
R: [
	-0.814226, 0.57804, 0.0539001;
	-0.532834, -0.780939, 0.325917;
	0.230486, 0.23665, 0.943861
]
t: -6.10317  10.2491 -2.11254

Value 129: (gtsam::Pose3)
R: [
	-0.807088, 0.588028, -0.0532246;
	-0.578239, -0.768978, 0.272603;
	0.119369, 0.250791, 0.960653
]
t: -7.09753  9.60848 -1.77421

Value 130: (gtsam::Pose3)
R: [
	-0.684183, 0.721028, -0.109598;
	-0.723309, -0.651608, 0.228541;
	0.0933695, 0.235637, 0.967346
]
t: -8.03512   8.8467  -1.6181

Value 131: (gtsam::Pose3)
R: [
	-0.606354, 0.783536, -0.135669;
	-0.790885, -0.576486, 0.205342;
	0.0826818, 0.231808, 0.969241
]
t: -8.92606  7.75634 -1.59995

Value 132: (gtsam::Pose3)
R: [
	-0.502729, 0.86092, -0.0779817;
	-0.854848, -0.481717, 0.192833;
	0.128448, 0.163605, 0.978128
]
t: -9.61936  6.87301 -1.47142

Value 133: (gtsam::Pose3)
R: [
	-0.397914, 0.906193, -0.143105;
	-0.902614, -0.358785, 0.237824;
	0.16417, 0.223802, 0.960708
]
t:  -10.249  5.72926 -1.27682

Value 134: (gtsam::Pose3)
R: [
	-0.300897, 0.946177, -0.119203;
	-0.930577, -0.263979, 0.253656;
	0.208536, 0.187252, 0.959921
]
t:  -10.8287    4.5535 -0.998224

Value 135: (gtsam::Pose3)
R: [
	-0.11503, 0.967234, -0.226334;
	-0.981861, -0.0761364, 0.173645;
	0.150723, 0.242203, 0.958447
]
t:  -11.0836   3.44502 -0.770487

Value 136: (gtsam::Pose3)
R: [
	0.00166258, 0.990946, -0.13425;
	-0.989581, 0.0209584, 0.142446;
	0.14397, 0.132614, 0.980656
]
t:  -11.2259   2.08249 -0.560576

Value 137: (gtsam::Pose3)
R: [
	0.132098, 0.976955, -0.16766;
	-0.985258, 0.147958, 0.0858772;
	0.108705, 0.153844, 0.982097
]
t:  -11.0938   0.99228 -0.347266

Value 138: (gtsam::Pose3)
R: [
	0.305922, 0.944864, -0.116806;
	-0.948814, 0.312694, 0.0444349;
	0.0785095, 0.0972338, 0.99216
]
t:  -10.9672 -0.408252 -0.383259

Value 139: (gtsam::Pose3)
R: [
	0.416814, 0.898772, -0.135925;
	-0.905993, 0.422904, 0.0181303;
	0.0737785, 0.115591, 0.990553
]
t:  -10.6221  -1.57648 -0.344759

Value 140: (gtsam::Pose3)
R: [
	0.54495, 0.835591, -0.0694099;
	-0.838185, 0.540744, -0.0710045;
	-0.0217977, 0.0968722, 0.995058
]
t:  -10.0594  -2.83993 -0.211262

Value 141: (gtsam::Pose3)
R: [
	0.603791, 0.795442, -0.0520392;
	-0.788678, 0.605593, 0.106036;
	0.11586, -0.0229815, 0.993
]
t:   -9.3878  -4.06493 -0.294288

Value 142: (gtsam::Pose3)
R: [
	0.69945, 0.697682, -0.154952;
	-0.704506, 0.709547, 0.0146555;
	0.120171, 0.0989139, 0.987813
]
t:   -8.68127   -5.18334 -0.0905141

Value 143: (gtsam::Pose3)
R: [
	0.781088, 0.620009, -0.074095;
	-0.622915, 0.781935, -0.0235575;
	0.0433316, 0.0645554, 0.996973
]
t: -7.65456 -6.14295 0.162047

Value 144: (gtsam::Pose3)
R: [
	0.870154, 0.488737, -0.062988;
	-0.486273, 0.872324, 0.0508754;
	0.0798107, -0.0136401, 0.996717
]
t: -6.62628 -7.08673 0.168468

Value 145: (gtsam::Pose3)
R: [
	0.897037, 0.412659, -0.158232;
	-0.418461, 0.908227, -0.00370874;
	0.142181, 0.0695409, 0.987395
]
t:  -5.4073 -7.78373 0.257778

Value 146: (gtsam::Pose3)
R: [
	0.951721, 0.306963, -0.00074137;
	-0.303906, 0.942577, 0.138525;
	0.0432209, -0.131612, 0.990359
]
t: -4.20485 -8.46581 0.398136

Value 147: (gtsam::Pose3)
R: [
	0.96735, 0.25107, -0.0346088;
	-0.246555, 0.963862, 0.1009;
	0.0586911, -0.089073, 0.994294
]
t: -2.73032 -8.91421 0.449541

Value 148: (gtsam::Pose3)
R: [
	0.992326, 0.0895824, -0.0852242;
	-0.0875452, 0.995785, 0.0273564;
	0.0873156, -0.0196855, 0.995986
]
t: -1.51815 -9.17744 0.504787

Value 149: (gtsam::Pose3)
R: [
	0.999184, 0.00547888, -0.0400203;
	-0.00316487, 0.998331, 0.0576568;
	0.0402695, -0.0574831, 0.997534
]
t: -0.131567  -9.21137  0.513002

Value 150: (gtsam::Pose3)
R: [
	0.990769, -0.130859, 0.0353812;
	0.12935, 0.990708, 0.042038;
	-0.0405534, -0.0370734, 0.998489
]
t:  1.34784 -9.00249 0.516959

Value 151: (gtsam::Pose3)
R: [
	0.955398, -0.24677, 0.16223;
	0.23624, 0.968264, 0.0815838;
	-0.177214, -0.0396198, 0.983375
]
t:   2.7635 -8.77717 0.388436

Value 152: (gtsam::Pose3)
R: [
	0.925946, -0.346471, 0.150271;
	0.341161, 0.938048, 0.0606216;
	-0.161965, -0.00486581, 0.986785
]
t:    4.0883  -8.18933 0.0417755

Value 153: (gtsam::Pose3)
R: [
	0.85412, -0.500051, 0.142927;
	0.502894, 0.864158, 0.0181285;
	-0.132577, 0.056393, 0.989567
]
t:   5.36028  -7.70459 -0.161318

Value 154: (gtsam::Pose3)
R: [
	0.793615, -0.596135, 0.121645;
	0.604446, 0.795326, -0.045838;
	-0.0694214, 0.109905, 0.991515
]
t:    6.5564  -6.91275 -0.259788

Value 155: (gtsam::Pose3)
R: [
	0.70854, -0.668411, 0.22627;
	0.681303, 0.731488, 0.0274204;
	-0.183842, 0.13473, 0.973679
]
t:   7.62687   -5.9457 -0.424448

Value 156: (gtsam::Pose3)
R: [
	0.605139, -0.775056, 0.181924;
	0.782472, 0.621159, 0.0435839;
	-0.146783, 0.115976, 0.982346
]
t:   8.52972  -5.04634 -0.789888

Value 157: (gtsam::Pose3)
R: [
	0.387294, -0.874649, 0.291535;
	0.887398, 0.439414, 0.13943;
	-0.250057, 0.204707, 0.946344
]
t:  9.42532   -4.008 -1.14807

Value 158: (gtsam::Pose3)
R: [
	0.378797, -0.884176, 0.273396;
	0.8973, 0.423215, 0.125465;
	-0.226639, 0.197793, 0.953684
]
t:  9.97167 -2.63406 -1.54699

Value 159: (gtsam::Pose3)
R: [
	0.266718, -0.929481, 0.254806;
	0.937484, 0.311541, 0.155131;
	-0.223574, 0.197501, 0.954468
]
t:  10.4804 -1.26228 -2.01619

Value 160: (gtsam::Pose3)
R: [
	0.154885, -0.948861, 0.275089;
	0.974509, 0.192484, 0.115248;
	-0.162305, 0.250227, 0.954486
]
t:   10.9485 0.0775026  -2.13235

Value 161: (gtsam::Pose3)
R: [
	-0.00996292, -0.951518, 0.307433;
	0.992324, 0.028492, 0.120342;
	-0.123267, 0.306272, 0.943929
]
t:   11.079    1.493 -2.30827

Value 162: (gtsam::Pose3)
R: [
	-0.123263, -0.948447, 0.291983;
	0.96477, -0.0456166, 0.25911;
	-0.232433, 0.313635, 0.920656
]
t:  10.9879  2.89744 -2.63958

Value 163: (gtsam::Pose3)
R: [
	-0.317391, -0.916551, 0.243304;
	0.911437, -0.224008, 0.345112;
	-0.26181, 0.331291, 0.906477
]
t:  10.8374  4.31409 -3.05636

Value 164: (gtsam::Pose3)
R: [
	-0.423467, -0.862535, 0.276965;
	0.855144, -0.279687, 0.436467;
	-0.299004, 0.421674, 0.85603
]
t:  10.3015  5.63548 -3.32162

Value 165: (gtsam::Pose3)
R: [
	-0.550627, -0.805645, 0.218508;
	0.813155, -0.458519, 0.358524;
	-0.188653, 0.375094, 0.907587
]
t:  9.66062  6.97382 -3.74848

Value 166: (gtsam::Pose3)
R: [
	-0.623146, -0.74135, 0.249178;
	0.772678, -0.534236, 0.342871;
	-0.121067, 0.406192, 0.905732
]
t:  8.87243  8.13701 -4.13003

Value 167: (gtsam::Pose3)
R: [
	-0.711638, -0.672248, 0.20409;
	0.692648, -0.622763, 0.363876;
	-0.117515, 0.400311, 0.908813
]
t:  7.93768   9.2602 -4.43397

Value 168: (gtsam::Pose3)
R: [
	-0.837424, -0.50732, 0.203342;
	0.544703, -0.744081, 0.386836;
	-0.0449464, 0.434706, 0.89945
]
t:  6.77975  10.2163 -4.84228

Value 169: (gtsam::Pose3)
R: [
	-0.834605, -0.523606, 0.17109;
	0.544274, -0.73601, 0.402561;
	-0.08486, 0.429099, 0.899262
]
t:  5.59824  11.1354 -4.85915

Value 170: (gtsam::Pose3)
R: [
	-0.890156, -0.403217, 0.212221;
	0.455463, -0.80093, 0.388671;
	0.0132551, 0.442636, 0.896603
]
t:  4.23817  11.9443 -4.88341

Value 171: (gtsam::Pose3)
R: [
	-0.936128, -0.223926, 0.271148;
	0.323798, -0.849657, 0.416218;
	0.137181, 0.47743, 0.867895
]
t:  2.86976  12.6548 -4.95678

Value 172: (gtsam::Pose3)
R: [
	-0.966267, -0.122798, 0.226382;
	0.219026, -0.854233, 0.471501;
	0.135484, 0.505179, 0.852313
]
t:  1.33635  13.2404 -4.76712

Value 173: (gtsam::Pose3)
R: [
	-0.975436, 0.00411958, 0.220245;
	0.0905471, -0.903956, 0.41793;
	0.200813, 0.427606, 0.881378
]
t: -0.149946   13.6018  -4.57854

Value 174: (gtsam::Pose3)
R: [
	-0.987397, 0.03115, 0.155164;
	0.039513, -0.900866, 0.432296;
	0.153248, 0.432979, 0.888282
]
t: -1.80176  13.6056 -4.32199

Value 175: (gtsam::Pose3)
R: [
	-0.979769, 0.13874, 0.144238;
	-0.0655032, -0.903318, 0.423941;
	0.189111, 0.405916, 0.89413
]
t: -3.34071  13.7223 -4.10169

Value 176: (gtsam::Pose3)
R: [
	-0.958024, 0.23092, 0.1699;
	-0.145149, -0.90175, 0.407159;
	0.247229, 0.365407, 0.897416
]
t: -4.99757  13.5963 -3.81479

Value 177: (gtsam::Pose3)
R: [
	-0.925117, 0.373738, 0.0669196;
	-0.314941, -0.8538, 0.414532;
	0.212062, 0.362415, 0.907571
]
t: -6.38137   13.203 -3.29872

Value 178: (gtsam::Pose3)
R: [
	-0.857594, 0.510544, -0.0622671;
	-0.501025, -0.801914, 0.325435;
	0.116216, 0.310289, 0.943512
]
t: -7.80874  12.7288 -2.89421

Value 179: (gtsam::Pose3)
R: [
	-0.740503, 0.643618, -0.193418;
	-0.668733, -0.677099, 0.307137;
	0.0667157, 0.356781, 0.931803
]
t: -8.88874  11.8623 -2.68168

Value 180: (gtsam::Pose3)
R: [
	-0.69229, 0.693942, -0.197938;
	-0.714199, -0.619656, 0.325494;
	0.10322, 0.366703, 0.924594
]
t: -10.2328  10.7311 -2.53763

Value 181: (gtsam::Pose3)
R: [
	-0.581299, 0.788285, -0.201739;
	-0.810824, -0.540373, 0.22486;
	0.0682396, 0.294286, 0.953278
]
t: -11.3242  9.57589 -2.35136

Value 182: (gtsam::Pose3)
R: [
	-0.539511, 0.816781, -0.204443;
	-0.827491, -0.469509, 0.307929;
	0.155523, 0.335306, 0.929184
]
t: -12.3593  8.18446 -2.15262

Value 183: (gtsam::Pose3)
R: [
	-0.419302, 0.879996, -0.223144;
	-0.889868, -0.349716, 0.292973;
	0.179778, 0.321412, 0.929717
]
t: -13.2122  6.74772 -2.02963

Value 184: (gtsam::Pose3)
R: [
	-0.253539, 0.942182, -0.219116;
	-0.953064, -0.204557, 0.223214;
	0.165487, 0.265425, 0.949823
]
t: -13.7312   5.3696 -1.67705

Value 185: (gtsam::Pose3)
R: [
	-0.043311, 0.9681, -0.246792;
	-0.991117, -0.0105453, 0.132571;
	0.125739, 0.250342, 0.959958
]
t: -14.0805  3.71134 -1.39626

Value 186: (gtsam::Pose3)
R: [
	-0.0211346, 0.975811, -0.217591;
	-0.992351, 0.00600231, 0.123305;
	0.121629, 0.218532, 0.96822
]
t: -14.1948  1.96209 -1.15852

Value 187: (gtsam::Pose3)
R: [
	0.142479, 0.973026, -0.181437;
	-0.986085, 0.155402, 0.0590486;
	0.0856516, 0.170499, 0.981628
]
t: -14.0632 0.470564 -1.03493

Value 188: (gtsam::Pose3)
R: [
	0.31729, 0.932835, -0.170724;
	-0.941567, 0.331341, 0.0605433;
	0.113045, 0.141538, 0.983457
]
t:  -13.9399  -1.22847 -0.834204

Value 189: (gtsam::Pose3)
R: [
	0.394282, 0.890759, -0.226032;
	-0.908729, 0.414554, 0.0485416;
	0.136941, 0.186263, 0.97291
]
t:  -13.3397  -2.71953 -0.731956

Value 190: (gtsam::Pose3)
R: [
	0.502457, 0.855931, -0.122146;
	-0.863501, 0.503912, -0.0209473;
	0.0436215, 0.115999, 0.992291
]
t:  -12.6343  -4.40147 -0.576482

Value 191: (gtsam::Pose3)
R: [
	0.610702, 0.782546, -0.121102;
	-0.787524, 0.616196, 0.0103999;
	0.0827612, 0.0890197, 0.992586
]
t:  -11.7402  -5.93254 -0.452946

Value 192: (gtsam::Pose3)
R: [
	0.651989, 0.753935, -0.0805727;
	-0.755516, 0.654958, 0.0149863;
	0.0640704, 0.051103, 0.996636
]
t: -10.6556 -7.27561 -0.41375

Value 193: (gtsam::Pose3)
R: [
	0.771413, 0.633492, -0.0600843;
	-0.63535, 0.772029, -0.0173676;
	0.0353846, 0.0515722, 0.998042
]
t:  -9.56217  -8.51411 -0.149684

Value 194: (gtsam::Pose3)
R: [
	0.822476, 0.562701, -0.0830715;
	-0.565936, 0.824197, -0.0203733;
	0.0570032, 0.0637697, 0.996335
]
t:  -8.07879  -9.66252 0.0674562

Value 195: (gtsam::Pose3)
R: [
	0.854729, 0.470077, -0.220151;
	-0.47614, 0.87892, 0.0281102;
	0.206709, 0.080796, 0.975061
]
t:  -6.66095  -10.5059 0.0521787

Value 196: (gtsam::Pose3)
R: [
	0.964927, 0.254716, -0.0635198;
	-0.256223, 0.966474, -0.0166825;
	0.0571409, 0.0323726, 0.997841
]
t: -5.13538 -11.3297 0.461524

Value 197: (gtsam::Pose3)
R: [
	0.964115, 0.260236, -0.0525256;
	-0.26326, 0.962695, -0.0625564;
	0.0342867, 0.0741395, 0.996658
]
t: -3.53956 -11.9124 0.581146

Value 198: (gtsam::Pose3)
R: [
	0.99659, 0.0418776, -0.0710988;
	-0.0488736, 0.993817, -0.0996965;
	0.0664842, 0.102831, 0.992474
]
t: -1.82567 -12.1517 0.495517

Value 199: (gtsam::Pose3)
R: [
	0.998979, 0.0297235, -0.0340195;
	-0.0316624, 0.997817, -0.0579481;
	0.0322228, 0.058966, 0.99774
]
t: -0.0707813   -12.2293   0.504269

Value 200: (gtsam::Pose3)
R: [
	0.98809, -0.145792, 0.0492286;
	0.149111, 0.986175, -0.0722806;
	-0.0380101, 0.0787602, 0.996169
]
t:  1.84528 -11.9831 0.461177

Value 201: (gtsam::Pose3)
R: [
	0.947725, -0.290007, 0.133092;
	0.280257, 0.955943, 0.0873405;
	-0.152558, -0.0454747, 0.987248
]
t: 3.53323 -11.729 0.30462

Value 202: (gtsam::Pose3)
R: [
	0.901172, -0.400863, 0.16492;
	0.418198, 0.904129, -0.0875334;
	-0.11402, 0.147852, 0.982415
]
t:   5.23471  -11.0182 0.0112197

Value 203: (gtsam::Pose3)
R: [
	0.850284, -0.491681, 0.187793;
	0.502924, 0.86421, -0.0144468;
	-0.15519, 0.10673, 0.982102
]
t:   6.88176  -10.2952 -0.349554

Value 204: (gtsam::Pose3)
R: [
	0.792672, -0.546839, 0.269515;
	0.5763, 0.816323, -0.0386612;
	-0.19887, 0.185967, 0.96222
]
t:   8.50121  -9.30018 -0.546918

Value 205: (gtsam::Pose3)
R: [
	0.661389, -0.684135, 0.307446;
	0.706238, 0.706071, 0.0518773;
	-0.25257, 0.182819, 0.95015
]
t:  9.65869 -8.26349 -0.88509

Value 206: (gtsam::Pose3)
R: [
	0.609681, -0.727083, 0.315658;
	0.769271, 0.638758, -0.0145087;
	-0.19108, 0.251672, 0.948762
]
t:  10.9525 -6.90913  -1.3027

Value 207: (gtsam::Pose3)
R: [
	0.458598, -0.814153, 0.35615;
	0.852119, 0.516608, 0.0837207;
	-0.252151, 0.265088, 0.930671
]
t:   12.097 -5.37637 -1.71513

Value 208: (gtsam::Pose3)
R: [
	0.349293, -0.857238, 0.378335;
	0.906886, 0.410843, 0.0936231;
	-0.235693, 0.310405, 0.920922
]
t:  12.7642 -3.88817 -2.25821

Value 209: (gtsam::Pose3)
R: [
	0.22938, -0.927674, 0.294628;
	0.963047, 0.260207, 0.069522;
	-0.141158, 0.267793, 0.95308
]
t:  13.3102 -2.21389 -2.67815

Value 210: (gtsam::Pose3)
R: [
	0.0926058, -0.96156, 0.258507;
	0.979849, 0.134151, 0.147983;
	-0.176973, 0.239594, 0.954607
]
t:   13.7638 -0.490964  -3.07233

Value 211: (gtsam::Pose3)
R: [
	-0.0664135, -0.954458, 0.290859;
	0.979333, -0.00654168, 0.20215;
	-0.191041, 0.298273, 0.935166
]
t:  14.0115  1.23169 -3.42289

Value 212: (gtsam::Pose3)
R: [
	-0.201964, -0.937387, 0.283753;
	0.965096, -0.141156, 0.220602;
	-0.166736, 0.318402, 0.933177
]
t:  13.8963   3.0488 -3.65294

Value 213: (gtsam::Pose3)
R: [
	-0.28553, -0.893066, 0.347715;
	0.924195, -0.160562, 0.346529;
	-0.253644, 0.420301, 0.871213
]
t:  13.4694     4.98 -4.08593

Value 214: (gtsam::Pose3)
R: [
	-0.382516, -0.853263, 0.354433;
	0.878263, -0.216652, 0.426282;
	-0.286942, 0.474345, 0.832262
]
t:  12.9601  6.59326 -4.51607

Value 215: (gtsam::Pose3)
R: [
	-0.496957, -0.806903, 0.319282;
	0.851789, -0.383288, 0.357134;
	-0.165796, 0.449441, 0.87779
]
t:  12.1181  8.24197 -5.05092

Value 216: (gtsam::Pose3)
R: [
	-0.623729, -0.735873, 0.263539;
	0.747599, -0.463216, 0.475949;
	-0.228162, 0.493885, 0.839059
]
t:  11.1207  9.72624 -5.43052

Value 217: (gtsam::Pose3)
R: [
	-0.703396, -0.680557, 0.205128;
	0.682169, -0.565262, 0.463815;
	-0.199701, 0.466177, 0.861858
]
t:  9.84587  11.0269 -5.85031

Value 218: (gtsam::Pose3)
R: [
	-0.787028, -0.598308, 0.150378;
	0.596349, -0.675423, 0.433787;
	-0.15797, 0.43108, 0.888378
]
t:  8.33605   12.392 -6.21377

Value 219: (gtsam::Pose3)
R: [
	-0.860177, -0.420963, 0.287898;
	0.509712, -0.728424, 0.457812;
	0.0169896, 0.540545, 0.841144
]
t:  7.08983  13.4331 -6.47099

Value 220: (gtsam::Pose3)
R: [
	-0.881473, -0.401901, 0.247954;
	0.472223, -0.753837, 0.456875;
	0.0032983, 0.519813, 0.854274
]
t:   5.4269  14.3981 -6.40773

Value 221: (gtsam::Pose3)
R: [
	-0.919554, -0.341354, 0.194675;
	0.392917, -0.806335, 0.442086;
	0.00606599, 0.483013, 0.875592
]
t:  3.52722  15.2825 -6.37833

Value 222: (gtsam::Pose3)
R: [
	-0.948565, -0.250808, 0.193184;
	0.311384, -0.849281, 0.426335;
	0.0571393, 0.464561, 0.883696
]
t:  1.79958  15.9333 -6.25809

Value 223: (gtsam::Pose3)
R: [
	-0.98736, -0.0819692, 0.135648;
	0.13507, -0.882959, 0.449599;
	0.0829186, 0.462238, 0.88287
]
t: -0.0635059    16.3457   -5.97349

Value 224: (gtsam::Pose3)
R: [
	-0.982737, 0.0624613, 0.174143;
	0.0372086, -0.855319, 0.516763;
	0.181225, 0.514322, 0.83823
]
t: -2.04557   16.398 -5.66039

Value 225: (gtsam::Pose3)
R: [
	-0.960949, 0.227445, 0.157629;
	-0.112764, -0.842024, 0.527523;
	0.25271, 0.489148, 0.834789
]
t: -3.80499  16.4028 -5.56219

Value 226: (gtsam::Pose3)
R: [
	-0.945356, 0.276389, 0.172949;
	-0.126137, -0.799188, 0.587697;
	0.300652, 0.533768, 0.79038
]
t: -5.70928  16.2451 -5.06046

Value 227: (gtsam::Pose3)
R: [
	-0.905178, 0.421694, -0.0531679;
	-0.366485, -0.711006, 0.600133;
	0.21527, 0.562713, 0.798131
]
t: -7.53819  15.9308  -4.4518

Value 228: (gtsam::Pose3)
R: [
	-0.826733, 0.505831, -0.24627;
	-0.56016, -0.69942, 0.443883;
	0.0522839, 0.504924, 0.861579
]
t: -9.30525  15.0921 -3.95431

Value 229: (gtsam::Pose3)
R: [
	-0.7595, 0.59436, -0.264379;
	-0.6416, -0.617419, 0.45513;
	0.107279, 0.515297, 0.850271
]
t: -10.8663  13.9111 -3.88405

Value 230: (gtsam::Pose3)
R: [
	-0.673259, 0.693156, -0.257405;
	-0.729195, -0.564769, 0.386408;
	0.122467, 0.447851, 0.885682
]
t: -12.3503  12.5065  -3.6734

Value 231: (gtsam::Pose3)
R: [
	-0.577387, 0.78401, -0.227931;
	-0.806845, -0.505153, 0.306304;
	0.125005, 0.360761, 0.924243
]
t: -13.6427  11.1857 -3.50393

Value 232: (gtsam::Pose3)
R: [
	-0.495653, 0.816748, -0.295382;
	-0.863435, -0.426627, 0.269203;
	0.0938526, 0.388475, 0.916667
]
t: -14.9902  9.49756 -3.24793

Value 233: (gtsam::Pose3)
R: [
	-0.386799, 0.884673, -0.260267;
	-0.898407, -0.297864, 0.32271;
	0.207968, 0.35865, 0.910011
]
t: -15.8986  7.83036 -2.97707

Value 234: (gtsam::Pose3)
R: [
	-0.215656, 0.93617, -0.277629;
	-0.964453, -0.159744, 0.210506;
	0.15272, 0.313157, 0.937342
]
t: -16.5475  6.02365 -2.63135

Value 235: (gtsam::Pose3)
R: [
	-0.0929426, 0.934905, -0.342513;
	-0.975844, -0.0172234, 0.217788;
	0.197712, 0.354481, 0.913922
]
t: -17.0352  3.90155 -2.30042

Value 236: (gtsam::Pose3)
R: [
	-0.0214649, 0.952266, -0.304513;
	-0.98638, 0.0295098, 0.161812;
	0.163074, 0.303838, 0.938663
]
t: -17.1533  1.89723 -1.85669

Value 237: (gtsam::Pose3)
R: [
	0.138585, 0.951874, -0.273367;
	-0.984556, 0.162237, 0.0657885;
	0.106973, 0.260028, 0.959657
]
t:  -16.9789 -0.112628  -1.50468

Value 238: (gtsam::Pose3)
R: [
	0.267523, 0.93922, -0.215167;
	-0.959565, 0.27998, 0.0290827;
	0.0875576, 0.198687, 0.976144
]
t:  -16.683 -2.22705 -1.38792

Value 239: (gtsam::Pose3)
R: [
	0.373655, 0.904684, -0.204764;
	-0.915847, 0.394815, 0.0731163;
	0.146991, 0.160212, 0.976077
]
t: -16.1791 -3.97242 -1.32543

Value 240: (gtsam::Pose3)
R: [
	0.492492, 0.850904, -0.182795;
	-0.867121, 0.497722, -0.0193449;
	0.0745208, 0.168033, 0.982961
]
t:   -15.165  -5.99881 -0.957476

Value 241: (gtsam::Pose3)
R: [
	0.583288, 0.799364, -0.144193;
	-0.808868, 0.587842, -0.0131946;
	0.0742156, 0.12433, 0.989462
]
t:  -14.2839  -7.68714 -0.821486

Value 242: (gtsam::Pose3)
R: [
	0.707371, 0.695031, -0.128678;
	-0.700873, 0.713286, -0.000162597;
	0.0916712, 0.0903019, 0.991686
]
t:  -13.0244   -9.2551 -0.758973

Value 243: (gtsam::Pose3)
R: [
	0.8043, 0.587377, -0.0899417;
	-0.590148, 0.807278, -0.00533141;
	0.0694763, 0.0573669, 0.995933
]
t:  -11.5394   -10.699 -0.488957

Value 244: (gtsam::Pose3)
R: [
	0.848257, 0.522592, -0.0857744;
	-0.522241, 0.852329, 0.028272;
	0.0878827, 0.020813, 0.995913
]
t: -9.86095 -12.0772 -0.25557

Value 245: (gtsam::Pose3)
R: [
	0.87621, 0.46363, -0.131544;
	-0.459823, 0.885992, 0.0598414;
	0.144291, 0.00805323, 0.989503
]
t:  -8.14964  -13.2322 -0.293775

Value 246: (gtsam::Pose3)
R: [
	0.938428, 0.338382, -0.0696493;
	-0.341134, 0.939469, -0.0320275;
